FUNC __main__.W 107.7188 1773066114.0186 111.6406 1773066114.0196 0
FUNC __main__.W 114.1562 1773066114.0219 114.1562 1773066114.0228 0
FUNC __main__.W 114.1719 1773066114.0250 114.1719 1773066114.0258 0
FUNC __main__.W 114.1719 1773066114.0280 114.1719 1773066114.0288 0
FUNC __main__.W 114.1719 1773066114.0309 114.1719 1773066114.0317 0
FUNC __main__.W 114.1719 1773066114.0338 114.1719 1773066114.0346 0
FUNC __main__.W 114.1719 1773066114.0367 114.1719 1773066114.0375 0
FUNC __main__.W 114.1719 1773066114.0396 114.1719 1773066114.0404 0
FUNC __main__.W 114.1719 1773066114.0425 114.1719 1773066114.0433 0
FUNC __main__.W 114.1719 1773066114.0454 114.1719 1773066114.0462 0
FUNC __main__.W 114.1719 1773066114.0482 114.1719 1773066114.0489 0
FUNC __main__.W 114.1719 1773066114.0510 114.1719 1773066114.0518 0
FUNC __main__.W 114.1719 1773066114.0538 114.1719 1773066114.0545 0
FUNC __main__.W 114.1719 1773066114.0566 114.1719 1773066114.0573 0
FUNC __main__.W 114.1719 1773066114.0593 114.1719 1773066114.0600 0
FUNC __main__.W 114.1719 1773066114.0620 114.1719 1773066114.0627 0
FUNC __main__.W 114.1719 1773066114.0647 114.1719 1773066114.0654 0
FUNC __main__.W 114.1719 1773066114.0673 114.1875 1773066114.0680 0
FUNC __main__.W 114.1875 1773066114.0700 114.1875 1773066114.0706 0
FUNC __main__.W 114.1875 1773066114.0726 114.1875 1773066114.0733 0
FUNC __main__.W 114.2031 1773066114.0752 114.2031 1773066114.0758 0
FUNC __main__.W 114.2031 1773066114.0777 114.2031 1773066114.0784 0
FUNC __main__.W 114.2031 1773066114.0804 114.2031 1773066114.0810 0
FUNC __main__.W 114.2031 1773066114.0830 114.2031 1773066114.0836 0
FUNC __main__.W 114.2031 1773066114.0855 114.2031 1773066114.0861 0
FUNC __main__.W 114.2031 1773066114.0881 114.2031 1773066114.0887 0
FUNC __main__.W 114.2031 1773066114.0907 114.2031 1773066114.0913 0
FUNC __main__.W 114.2031 1773066114.0932 114.2031 1773066114.0938 0
FUNC __main__.W 114.2031 1773066114.0958 114.2031 1773066114.0964 0
FUNC __main__.W 114.2031 1773066114.0983 114.2031 1773066114.0989 0
FUNC __main__.W 114.2031 1773066114.1008 114.2031 1773066114.1015 0
FUNC __main__.W 114.2031 1773066114.1034 114.2031 1773066114.1040 0
FUNC __main__.W 114.2031 1773066114.1059 114.2031 1773066114.1065 0
FUNC __main__.W 114.2031 1773066114.1085 114.2188 1773066114.1091 0
FUNC __main__.W 114.2188 1773066114.1110 114.2188 1773066114.1117 0
FUNC __main__.W 114.2188 1773066114.1136 114.2188 1773066114.1142 0
FUNC __main__.W 114.2188 1773066114.1161 114.2188 1773066114.1167 0
FUNC __main__.W 114.2188 1773066114.1186 114.2188 1773066114.1193 0
FUNC __main__.W 114.2188 1773066114.1212 114.2188 1773066114.1218 0
FUNC __main__.W 114.2188 1773066114.1239 114.2188 1773066114.1245 0
FUNC __main__.W 114.2188 1773066114.1264 114.2188 1773066114.1271 0
FUNC __main__.W 114.2188 1773066114.1290 114.2188 1773066114.1297 0
FUNC __main__.W 114.2188 1773066114.1316 114.2188 1773066114.1322 0
FUNC __main__.W 114.2188 1773066114.1341 114.2188 1773066114.1348 0
FUNC __main__.W 114.2188 1773066114.1367 114.2188 1773066114.1373 0
FUNC __main__.W 114.2188 1773066114.1392 114.2188 1773066114.1398 0
FUNC __main__.W 114.2188 1773066114.1418 114.2188 1773066114.1424 0
FUNC __main__.W 114.2188 1773066114.1443 114.2188 1773066114.1449 0
FUNC __main__.W 114.2188 1773066114.1469 114.2188 1773066114.1475 0
FUNC __main__.W 114.2344 1773066114.1494 114.2344 1773066114.1500 0
FUNC __main__.W 114.2344 1773066114.1519 114.2344 1773066114.1525 0
FUNC __main__.W 114.2344 1773066114.1544 114.2344 1773066114.1551 0
FUNC __main__.W 114.2500 1773066114.1570 114.2500 1773066114.1576 0
FUNC __main__.W 114.2500 1773066114.1595 114.2500 1773066114.1602 0
FUNC __main__.W 114.2500 1773066114.1621 114.2500 1773066114.1627 0
FUNC __main__.W 114.2500 1773066114.1646 114.2500 1773066114.1652 0
FUNC __main__.W 114.2500 1773066114.1672 114.2500 1773066114.1678 0
FUNC __main__.W 114.2500 1773066114.1697 114.2500 1773066114.1703 0
FUNC __main__.W 114.2500 1773066114.1723 114.2500 1773066114.1730 0
FUNC __main__.W 114.2500 1773066114.1750 114.2500 1773066114.1756 0
FUNC __main__.W 114.2500 1773066114.1775 114.2500 1773066114.1782 0
FUNC __main__.W 114.2500 1773066114.1801 114.2500 1773066114.1808 0
FUNC __main__.W 114.2500 1773066114.1827 114.2500 1773066114.1833 0
FUNC __main__.W 114.2500 1773066114.1852 114.2500 1773066114.1859 0
FUNC __main__.W 114.2500 1773066114.1879 114.2500 1773066114.1885 0
FUNC __main__.W 114.2656 1773066114.1904 114.2656 1773066114.1911 0
FUNC __main__.W 114.2656 1773066114.1930 114.2656 1773066114.1936 0
FUNC __main__.W 114.2656 1773066114.1955 114.2656 1773066114.1962 0
FUNC __main__.W 114.2656 1773066114.1981 114.2656 1773066114.1987 0
FUNC __main__.W 114.2656 1773066114.2006 114.2656 1773066114.2012 0
FUNC __main__.W 114.2656 1773066114.2031 114.2656 1773066114.2038 0
FUNC __main__.W 114.2656 1773066114.2058 114.2656 1773066114.2064 0
FUNC __main__.W 114.2656 1773066114.2083 114.2656 1773066114.2090 0
FUNC __main__.W 114.2656 1773066114.2109 114.2656 1773066114.2115 0
FUNC __main__.W 114.2656 1773066114.2134 114.2656 1773066114.2140 0
FUNC __main__.W 114.2656 1773066114.2159 114.2656 1773066114.2166 0
FUNC __main__.W 114.2656 1773066114.2185 114.2656 1773066114.2191 0
FUNC __main__.W 114.2656 1773066114.2211 114.2656 1773066114.2217 0
FUNC __main__.W 114.2656 1773066114.2236 114.2656 1773066114.2243 0
FUNC __main__.W 114.2656 1773066114.2262 114.2656 1773066114.2268 0
FUNC __main__.W 114.2656 1773066114.2288 114.2656 1773066114.2294 0
FUNC __main__.W 114.2812 1773066114.2313 114.2812 1773066114.2319 0
FUNC __main__.W 114.2812 1773066114.2338 114.2812 1773066114.2345 0
FUNC __main__.W 114.2812 1773066114.2364 114.2812 1773066114.2370 0
FUNC __main__.W 114.2969 1773066114.2390 114.2969 1773066114.2396 0
FUNC __main__.W 114.2969 1773066114.2416 114.2969 1773066114.2422 0
FUNC __main__.W 114.2969 1773066114.2441 114.2969 1773066114.2448 0
FUNC __main__.W 114.2969 1773066114.2467 114.2969 1773066114.2473 0
FUNC __main__.W 114.2969 1773066114.2492 114.2969 1773066114.2498 0
FUNC __main__.W 114.2969 1773066114.2518 114.2969 1773066114.2524 0
FUNC __main__.W 114.2969 1773066114.2544 114.2969 1773066114.2550 0
FUNC __main__.W 114.2969 1773066114.2570 114.2969 1773066114.2576 0
FUNC __main__.W 114.2969 1773066114.2595 114.2969 1773066114.2601 0
FUNC __main__.W 114.2969 1773066114.2620 114.2969 1773066114.2626 0
FUNC __main__.W 114.2969 1773066114.2646 114.2969 1773066114.2652 0
FUNC __main__.W 114.2969 1773066114.2672 114.2969 1773066114.2678 0
FUNC __main__.W 114.2969 1773066114.2697 114.2969 1773066114.2703 0
FUNC __main__.W 114.3125 1773066114.2723 114.3125 1773066114.2729 0
FUNC __main__.W 114.3125 1773066114.2749 114.3125 1773066114.2755 0
FUNC __main__.W 114.3125 1773066114.2774 114.3125 1773066114.2781 0
FUNC __main__.W 114.3125 1773066114.2800 114.3125 1773066114.2806 0
FUNC __main__.W 114.3125 1773066114.2826 114.3125 1773066114.2833 0
FUNC __main__.W 114.3125 1773066114.2852 114.3125 1773066114.2859 0
FUNC __main__.W 114.3125 1773066114.2878 114.3125 1773066114.2884 0
FUNC __main__.W 114.3125 1773066114.2903 114.3125 1773066114.2910 0
FUNC __main__.W 114.3125 1773066114.2929 114.3125 1773066114.2935 0
FUNC __main__.W 114.3125 1773066114.2955 114.3125 1773066114.2961 0
FUNC __main__.W 114.3125 1773066114.2980 114.3125 1773066114.2987 0
FUNC __main__.W 114.3125 1773066114.3006 114.3125 1773066114.3012 0
FUNC __main__.W 114.3125 1773066114.3032 114.3125 1773066114.3038 0
FUNC __main__.W 114.3125 1773066114.3058 114.3125 1773066114.3064 0
FUNC __main__.W 114.3125 1773066114.3083 114.3125 1773066114.3090 0
FUNC __main__.W 114.3125 1773066114.3109 114.3125 1773066114.3115 0
FUNC __main__.W 114.3281 1773066114.3135 114.3281 1773066114.3141 0
FUNC __main__.W 114.3281 1773066114.3160 114.3281 1773066114.3167 0
FUNC __main__.W 114.3281 1773066114.3186 114.3281 1773066114.3192 0
FUNC __main__.W 114.3438 1773066114.3212 114.3438 1773066114.3218 0
FUNC __main__.W 114.3438 1773066114.3238 114.3438 1773066114.3244 0
FUNC __main__.W 114.3438 1773066114.3264 114.3438 1773066114.3270 0
FUNC __main__.W 114.3438 1773066114.3289 114.3438 1773066114.3295 0
FUNC __main__.W 114.3438 1773066114.3315 114.3438 1773066114.3321 0
FUNC __main__.W 114.3438 1773066114.3340 114.3438 1773066114.3347 0
FUNC __main__.W 114.3438 1773066114.3366 114.3438 1773066114.3373 0
FUNC __main__.W 114.3438 1773066114.3392 114.3438 1773066114.3398 0
FUNC __main__.W 114.3438 1773066114.3418 114.3438 1773066114.3424 0
FUNC __main__.W 114.3438 1773066114.3443 114.3438 1773066114.3450 0
FUNC __main__.W 114.3438 1773066114.3469 114.3438 1773066114.3475 0
FUNC __main__.W 114.3438 1773066114.3495 114.3438 1773066114.3501 0
FUNC __main__.W 114.3438 1773066114.3521 114.3438 1773066114.3527 0
FUNC __main__.W 114.3594 1773066114.3547 114.3594 1773066114.3553 0
FUNC __main__.W 114.3594 1773066114.3573 114.3594 1773066114.3580 0
FUNC __main__.W 114.3594 1773066114.3601 114.3594 1773066114.3607 0
FUNC __main__.W 114.3594 1773066114.3627 114.3594 1773066114.3634 0
FUNC __main__.W 114.3594 1773066114.3653 114.3594 1773066114.3659 0
FUNC __main__.W 114.3594 1773066114.3678 114.3594 1773066114.3685 0
FUNC __main__.W 114.3594 1773066114.3705 114.3594 1773066114.3711 0
FUNC __main__.W 114.3594 1773066114.3730 114.3594 1773066114.3737 0
FUNC __main__.W 114.3594 1773066114.3758 114.3594 1773066114.3764 0
FUNC __main__.W 114.3594 1773066114.3784 114.3594 1773066114.3791 0
FUNC __main__.W 114.3594 1773066114.3811 114.3594 1773066114.3817 0
FUNC __main__.W 114.3594 1773066114.3836 114.3594 1773066114.3842 0
FUNC __main__.W 114.3594 1773066114.3862 114.3594 1773066114.3869 0
FUNC __main__.W 114.3594 1773066114.3890 114.3594 1773066114.3897 0
FUNC __main__.W 114.3594 1773066114.3918 114.3594 1773066114.3924 0
FUNC __main__.W 114.3594 1773066114.3944 114.3594 1773066114.3950 0
FUNC __main__.W 114.3750 1773066114.3970 114.3750 1773066114.3976 0
FUNC __main__.W 114.3750 1773066114.3996 114.3750 1773066114.4002 0
FUNC __main__.W 114.3750 1773066114.4021 114.3750 1773066114.4028 0
FUNC __main__.W 114.3906 1773066114.4049 114.3906 1773066114.4056 0
FUNC __main__.W 114.3906 1773066114.4077 114.3906 1773066114.4083 0
FUNC __main__.W 114.3906 1773066114.4103 114.3906 1773066114.4109 0
FUNC __main__.W 114.3906 1773066114.4129 114.3906 1773066114.4135 0
FUNC __main__.W 114.3906 1773066114.4154 114.3906 1773066114.4161 0
FUNC __main__.W 114.3906 1773066114.4180 114.3906 1773066114.4187 0
FUNC __main__.W 114.3906 1773066114.4207 114.3906 1773066114.4213 0
FUNC __main__.W 114.3906 1773066114.4235 114.3906 1773066114.4241 0
FUNC __main__.W 114.3906 1773066114.4262 114.3906 1773066114.4269 0
FUNC __main__.W 114.3906 1773066114.4288 114.3906 1773066114.4294 0
FUNC __main__.W 114.3906 1773066114.4313 114.3906 1773066114.4320 0
FUNC __main__.W 114.3906 1773066114.4339 114.3906 1773066114.4346 0
FUNC __main__.W 114.3906 1773066114.4366 114.3906 1773066114.4372 0
FUNC __main__.W 114.4062 1773066114.4393 114.4062 1773066114.4400 0
FUNC __main__.W 114.4062 1773066114.4420 114.4062 1773066114.4427 0
FUNC __main__.W 114.4062 1773066114.4446 114.4062 1773066114.4452 0
FUNC __main__.W 114.4062 1773066114.4472 114.4062 1773066114.4478 0
FUNC __main__.W 114.4062 1773066114.4498 114.4062 1773066114.4504 0
FUNC __main__.W 114.4062 1773066114.4524 114.4062 1773066114.4531 0
FUNC __main__.W 114.4062 1773066114.4552 114.4062 1773066114.4558 0
FUNC __main__.W 114.4062 1773066114.4579 114.4062 1773066114.4586 0
FUNC __main__.W 114.4062 1773066114.4606 114.4062 1773066114.4613 0
FUNC __main__.W 114.4062 1773066114.4632 114.4062 1773066114.4638 0
FUNC __main__.W 114.4062 1773066114.4658 114.4062 1773066114.4664 0
FUNC __main__.W 114.4062 1773066114.4684 114.4062 1773066114.4691 0
FUNC __main__.W 114.4062 1773066114.4712 114.4062 1773066114.4719 0
FUNC __main__.W 114.4062 1773066114.4740 114.4062 1773066114.4746 0
FUNC __main__.W 114.4062 1773066114.4767 114.4062 1773066114.4773 0
FUNC __main__.W 114.4062 1773066114.4793 114.4062 1773066114.4799 0
FUNC __main__.W 114.4219 1773066114.4819 114.4219 1773066114.4825 0
FUNC __main__.W 114.4219 1773066114.4846 114.4219 1773066114.4852 0
FUNC __main__.W 114.4375 1773066114.4872 114.4375 1773066114.4880 0
FUNC __main__.W 114.4375 1773066114.4900 114.4375 1773066114.4907 0
FUNC __main__.W 114.4375 1773066114.4928 114.4375 1773066114.4934 0
FUNC __main__.W 114.4375 1773066114.4953 114.4375 1773066114.4960 0
FUNC __main__.W 114.4375 1773066114.4980 114.4375 1773066114.4986 0
FUNC __main__.W 114.4375 1773066114.5006 114.4375 1773066114.5012 0
FUNC __main__.W 114.4375 1773066114.5032 114.4375 1773066114.5039 0
FUNC __main__.W 114.4375 1773066114.5059 114.4375 1773066114.5066 0
FUNC __main__.W 114.4375 1773066114.5088 114.4375 1773066114.5095 0
FUNC __main__.W 114.4375 1773066114.5114 114.4375 1773066114.5120 0
FUNC __main__.W 114.4375 1773066114.5140 114.4375 1773066114.5146 0
FUNC __main__.W 114.4375 1773066114.5167 114.4375 1773066114.5173 0
FUNC __main__.W 114.4375 1773066114.5193 114.4375 1773066114.5199 0
FUNC __main__.W 114.4375 1773066114.5220 114.4375 1773066114.5227 0
FUNC __main__.W 114.4531 1773066114.5248 114.4531 1773066114.5255 0
FUNC __main__.W 114.4531 1773066114.5275 114.4531 1773066114.5281 0
FUNC __main__.W 114.4531 1773066114.5300 114.4531 1773066114.5307 0
FUNC __main__.W 114.4531 1773066114.5327 114.4531 1773066114.5333 0
FUNC __main__.W 114.4531 1773066114.5353 114.4531 1773066114.5359 0
FUNC __main__.W 114.4531 1773066114.5380 114.4531 1773066114.5386 0
FUNC __main__.W 114.4531 1773066114.5408 114.4531 1773066114.5414 0
FUNC __main__.W 114.4531 1773066114.5434 114.4531 1773066114.5441 0
FUNC __main__.W 114.4531 1773066114.5461 114.4531 1773066114.5467 0
FUNC __main__.W 114.4531 1773066114.5487 114.4531 1773066114.5493 0
FUNC __main__.W 114.4531 1773066114.5512 114.4531 1773066114.5519 0
FUNC __main__.W 114.4531 1773066114.5539 114.4531 1773066114.5547 0
FUNC __main__.W 114.4531 1773066114.5567 114.4531 1773066114.5573 0
FUNC __main__.W 114.4531 1773066114.5594 114.4531 1773066114.5600 0
FUNC __main__.W 114.4531 1773066114.5620 114.4531 1773066114.5626 0
FUNC __main__.W 114.4531 1773066114.5646 114.4531 1773066114.5652 0
FUNC __main__.W 114.4688 1773066114.5672 114.4688 1773066114.5678 0
FUNC __main__.W 114.4688 1773066114.5699 114.4688 1773066114.5705 0
FUNC __main__.W 114.4844 1773066114.5726 114.4844 1773066114.5733 0
FUNC __main__.W 114.4844 1773066114.5754 114.4844 1773066114.5760 0
FUNC __main__.W 114.4844 1773066114.5780 114.4844 1773066114.5786 0
FUNC __main__.W 114.4844 1773066114.5806 114.4844 1773066114.5812 0
FUNC __main__.W 114.4844 1773066114.5831 114.4844 1773066114.5837 0
FUNC __main__.W 114.4844 1773066114.5857 114.4844 1773066114.5864 0
FUNC __main__.W 114.4844 1773066114.5884 114.4844 1773066114.5891 0
FUNC __main__.W 114.4844 1773066114.5911 114.4844 1773066114.5918 0
FUNC __main__.W 114.4844 1773066114.5939 114.4844 1773066114.5945 0
FUNC __main__.W 114.4844 1773066114.5965 114.4844 1773066114.5971 0
FUNC __main__.W 114.4844 1773066114.5990 114.4844 1773066114.5996 0
FUNC __main__.W 114.4844 1773066114.6016 114.4844 1773066114.6022 0
FUNC __main__.W 114.4844 1773066114.6043 114.4844 1773066114.6050 0
FUNC __main__.W 114.4844 1773066114.6070 114.4844 1773066114.6076 0
FUNC __main__.W 114.5000 1773066114.6097 114.5000 1773066114.6103 0
FUNC __main__.W 114.5000 1773066114.6122 114.5000 1773066114.6129 0
FUNC __main__.W 114.5000 1773066114.6148 114.5000 1773066114.6154 0
FUNC __main__.W 114.5000 1773066114.6174 114.5000 1773066114.6181 0
FUNC __main__.W 114.5156 1773066114.6201 114.5156 1773066114.6208 0
FUNC __main__.W 114.5156 1773066114.6229 114.5156 1773066114.6236 0
FUNC __main__.W 114.5156 1773066114.6256 114.5156 1773066114.6263 0
FUNC __main__.W 114.5156 1773066114.6283 114.5156 1773066114.6290 0
FUNC __main__.W 114.5156 1773066114.6309 114.5156 1773066114.6316 0
FUNC __main__.W 114.5156 1773066114.6335 114.5156 1773066114.6341 0
FUNC __main__.W 114.5156 1773066114.6361 114.5156 1773066114.6368 0
FUNC __main__.W 114.5156 1773066114.6389 114.5156 1773066114.6395 0
FUNC __main__.W 114.5156 1773066114.6415 114.5156 1773066114.6422 0
FUNC __main__.W 114.5156 1773066114.6442 114.5156 1773066114.6448 0
FUNC __main__.W 114.5156 1773066114.6467 114.5156 1773066114.6474 0
FUNC __main__.W 114.5156 1773066114.6493 114.5156 1773066114.6500 0
FUNC __main__.W 114.5312 1773066114.6519 114.5312 1773066114.6526 0
FUNC __main__.W 114.5312 1773066114.6546 114.5312 1773066114.6552 0
FUNC __main__.W 114.5469 1773066114.6572 114.5469 1773066114.6579 0
FUNC __main__.W 114.5469 1773066114.6599 114.5469 1773066114.6605 0
FUNC __main__.W 114.5469 1773066114.6625 114.5469 1773066114.6631 0
FUNC __main__.W 114.5469 1773066114.6650 114.5469 1773066114.6657 0
FUNC __main__.W 114.5469 1773066114.6676 114.5469 1773066114.6682 0
FUNC __main__.W 114.5469 1773066114.6702 114.5469 1773066114.6708 0
FUNC __main__.W 114.5469 1773066114.6728 114.5469 1773066114.6734 0
FUNC __main__.W 114.5469 1773066114.6754 114.5469 1773066114.6761 0
FUNC __main__.W 114.5469 1773066114.6780 114.5469 1773066114.6787 0
FUNC __main__.W 114.5469 1773066114.6807 114.5469 1773066114.6813 0
FUNC __main__.W 114.5469 1773066114.6832 114.5469 1773066114.6839 0
FUNC __main__.W 114.5469 1773066114.6858 114.5469 1773066114.6865 0
FUNC __main__.W 114.5469 1773066114.6884 114.5469 1773066114.6891 0
FUNC __main__.W 114.5469 1773066114.6911 114.5469 1773066114.6917 0
FUNC __main__.W 114.5625 1773066114.6937 114.5625 1773066114.6944 0
FUNC __main__.W 114.5625 1773066114.6963 114.5625 1773066114.6970 0
FUNC __main__.W 114.5625 1773066114.6989 114.5625 1773066114.6995 0
FUNC __main__.W 114.5625 1773066114.7015 114.5625 1773066114.7021 0
FUNC __main__.W 114.5625 1773066114.7041 114.5625 1773066114.7048 0
FUNC __main__.W 114.5625 1773066114.7068 114.5625 1773066114.7075 0
FUNC __main__.W 114.5625 1773066114.7096 114.5625 1773066114.7102 0
FUNC __main__.W 114.5625 1773066114.7121 114.5625 1773066114.7128 0
FUNC __main__.W 114.5625 1773066114.7148 114.5625 1773066114.7154 0
FUNC __main__.W 114.5625 1773066114.7174 114.5625 1773066114.7180 0
FUNC __main__.W 114.5625 1773066114.7199 114.5625 1773066114.7206 0
FUNC __main__.W 114.5625 1773066114.7227 114.5625 1773066114.7234 0
FUNC __main__.W 114.5625 1773066114.7254 114.5625 1773066114.7261 0
FUNC __main__.W 114.5625 1773066114.7281 114.5625 1773066114.7287 0
FUNC __main__.W 114.5625 1773066114.7306 114.5625 1773066114.7313 0
FUNC __main__.W 114.5625 1773066114.7332 114.5781 1773066114.7339 0
FUNC __main__.W 114.5781 1773066114.7359 114.5781 1773066114.7365 0
FUNC __main__.W 114.5781 1773066114.7385 114.5781 1773066114.7391 0
FUNC __main__.W 114.5938 1773066114.7412 114.5938 1773066114.7419 0
FUNC __main__.W 114.5938 1773066114.7439 114.5938 1773066114.7445 0
FUNC __main__.W 114.5938 1773066114.7465 114.5938 1773066114.7471 0
FUNC __main__.W 114.5938 1773066114.7490 114.5938 1773066114.7497 0
FUNC __main__.W 114.5938 1773066114.7516 114.5938 1773066114.7523 0
FUNC __main__.W 114.5938 1773066114.7543 114.5938 1773066114.7550 0
FUNC __main__.W 114.5938 1773066114.7570 114.5938 1773066114.7577 0
FUNC __main__.W 114.5938 1773066114.7597 114.5938 1773066114.7603 0
FUNC __main__.W 114.5938 1773066114.7623 114.5938 1773066114.7629 0
FUNC __main__.W 114.5938 1773066114.7649 114.5938 1773066114.7655 0
FUNC __main__.W 114.5938 1773066114.7675 114.5938 1773066114.7681 0
FUNC __main__.W 114.5938 1773066114.7701 114.5938 1773066114.7708 0
FUNC __main__.W 114.5938 1773066114.7729 114.5938 1773066114.7735 0
FUNC __main__.W 114.5938 1773066114.7756 114.6094 1773066114.7762 0
FUNC __main__.W 114.6094 1773066114.7781 114.6094 1773066114.7788 0
FUNC __main__.W 114.6094 1773066114.7807 114.6094 1773066114.7814 0
FUNC __main__.W 114.6094 1773066114.7833 114.6094 1773066114.7840 0
FUNC __main__.W 114.6094 1773066114.7860 114.6094 1773066114.7879 0
FUNC __main__.W 114.6094 1773066114.7908 114.6094 1773066114.7915 0
FUNC __main__.W 114.6094 1773066114.7935 114.6094 1773066114.7941 0
FUNC __main__.W 114.6094 1773066114.7961 114.6094 1773066114.7967 0
FUNC __main__.W 114.6094 1773066114.7986 114.6094 1773066114.7993 0
FUNC __main__.W 114.6094 1773066114.8012 114.6094 1773066114.8018 0
FUNC __main__.W 114.6094 1773066114.8038 114.6094 1773066114.8046 0
FUNC __main__.W 114.6094 1773066114.8066 114.6094 1773066114.8072 0
FUNC __main__.W 114.6094 1773066114.8093 114.6094 1773066114.8099 0
FUNC __main__.gradW 111.6562 1773066114.0200 114.1250 1773066114.0212 0
FUNC __main__.gradW 114.1562 1773066114.0233 114.1562 1773066114.0243 0
FUNC __main__.gradW 114.1719 1773066114.0263 114.1719 1773066114.0273 0
FUNC __main__.gradW 114.1719 1773066114.0292 114.1719 1773066114.0302 0
FUNC __main__.gradW 114.1719 1773066114.0321 114.1719 1773066114.0331 0
FUNC __main__.gradW 114.1719 1773066114.0350 114.1719 1773066114.0360 0
FUNC __main__.gradW 114.1719 1773066114.0379 114.1719 1773066114.0389 0
FUNC __main__.gradW 114.1719 1773066114.0408 114.1719 1773066114.0418 0
FUNC __main__.gradW 114.1719 1773066114.0437 114.1719 1773066114.0447 0
FUNC __main__.gradW 114.1719 1773066114.0466 114.1719 1773066114.0475 0
FUNC __main__.gradW 114.1719 1773066114.0494 114.1719 1773066114.0503 0
FUNC __main__.gradW 114.1719 1773066114.0522 114.1719 1773066114.0531 0
FUNC __main__.gradW 114.1719 1773066114.0550 114.1719 1773066114.0559 0
FUNC __main__.gradW 114.1719 1773066114.0578 114.1719 1773066114.0586 0
FUNC __main__.gradW 114.1719 1773066114.0604 114.1719 1773066114.0614 0
FUNC __main__.gradW 114.1719 1773066114.0631 114.1719 1773066114.0640 0
FUNC __main__.gradW 114.1719 1773066114.0658 114.1719 1773066114.0666 0
FUNC __main__.gradW 114.1875 1773066114.0684 114.1875 1773066114.0692 0
FUNC __main__.gradW 114.1875 1773066114.0710 114.1875 1773066114.0719 0
FUNC __main__.gradW 114.1875 1773066114.0737 114.1875 1773066114.0745 0
FUNC __main__.gradW 114.2031 1773066114.0763 114.2031 1773066114.0771 0
FUNC __main__.gradW 114.2031 1773066114.0788 114.2031 1773066114.0797 0
FUNC __main__.gradW 114.2031 1773066114.0815 114.2031 1773066114.0823 0
FUNC __main__.gradW 114.2031 1773066114.0840 114.2031 1773066114.0848 0
FUNC __main__.gradW 114.2031 1773066114.0866 114.2031 1773066114.0874 0
FUNC __main__.gradW 114.2031 1773066114.0891 114.2031 1773066114.0900 0
FUNC __main__.gradW 114.2031 1773066114.0917 114.2031 1773066114.0925 0
FUNC __main__.gradW 114.2031 1773066114.0942 114.2031 1773066114.0951 0
FUNC __main__.gradW 114.2031 1773066114.0968 114.2031 1773066114.0976 0
FUNC __main__.gradW 114.2031 1773066114.0994 114.2031 1773066114.1001 0
FUNC __main__.gradW 114.2031 1773066114.1019 114.2031 1773066114.1027 0
FUNC __main__.gradW 114.2031 1773066114.1044 114.2031 1773066114.1052 0
FUNC __main__.gradW 114.2031 1773066114.1070 114.2031 1773066114.1078 0
FUNC __main__.gradW 114.2188 1773066114.1096 114.2188 1773066114.1103 0
FUNC __main__.gradW 114.2188 1773066114.1121 114.2188 1773066114.1129 0
FUNC __main__.gradW 114.2188 1773066114.1146 114.2188 1773066114.1154 0
FUNC __main__.gradW 114.2188 1773066114.1171 114.2188 1773066114.1180 0
FUNC __main__.gradW 114.2188 1773066114.1197 114.2188 1773066114.1205 0
FUNC __main__.gradW 114.2188 1773066114.1223 114.2188 1773066114.1232 0
FUNC __main__.gradW 114.2188 1773066114.1249 114.2188 1773066114.1257 0
FUNC __main__.gradW 114.2188 1773066114.1275 114.2188 1773066114.1283 0
FUNC __main__.gradW 114.2188 1773066114.1301 114.2188 1773066114.1309 0
FUNC __main__.gradW 114.2188 1773066114.1327 114.2188 1773066114.1334 0
FUNC __main__.gradW 114.2188 1773066114.1352 114.2188 1773066114.1360 0
FUNC __main__.gradW 114.2188 1773066114.1377 114.2188 1773066114.1385 0
FUNC __main__.gradW 114.2188 1773066114.1402 114.2188 1773066114.1411 0
FUNC __main__.gradW 114.2188 1773066114.1428 114.2188 1773066114.1436 0
FUNC __main__.gradW 114.2188 1773066114.1454 114.2188 1773066114.1462 0
FUNC __main__.gradW 114.2188 1773066114.1479 114.2188 1773066114.1487 0
FUNC __main__.gradW 114.2344 1773066114.1504 114.2344 1773066114.1512 0
FUNC __main__.gradW 114.2344 1773066114.1530 114.2344 1773066114.1538 0
FUNC __main__.gradW 114.2500 1773066114.1555 114.2500 1773066114.1563 0
FUNC __main__.gradW 114.2500 1773066114.1581 114.2500 1773066114.1589 0
FUNC __main__.gradW 114.2500 1773066114.1606 114.2500 1773066114.1614 0
FUNC __main__.gradW 114.2500 1773066114.1631 114.2500 1773066114.1639 0
FUNC __main__.gradW 114.2500 1773066114.1656 114.2500 1773066114.1665 0
FUNC __main__.gradW 114.2500 1773066114.1682 114.2500 1773066114.1690 0
FUNC __main__.gradW 114.2500 1773066114.1708 114.2500 1773066114.1716 0
FUNC __main__.gradW 114.2500 1773066114.1734 114.2500 1773066114.1743 0
FUNC __main__.gradW 114.2500 1773066114.1760 114.2500 1773066114.1768 0
FUNC __main__.gradW 114.2500 1773066114.1786 114.2500 1773066114.1794 0
FUNC __main__.gradW 114.2500 1773066114.1812 114.2500 1773066114.1820 0
FUNC __main__.gradW 114.2500 1773066114.1837 114.2500 1773066114.1845 0
FUNC __main__.gradW 114.2500 1773066114.1863 114.2500 1773066114.1872 0
FUNC __main__.gradW 114.2500 1773066114.1889 114.2500 1773066114.1898 0
FUNC __main__.gradW 114.2656 1773066114.1915 114.2656 1773066114.1923 0
FUNC __main__.gradW 114.2656 1773066114.1940 114.2656 1773066114.1948 0
FUNC __main__.gradW 114.2656 1773066114.1966 114.2656 1773066114.1974 0
FUNC __main__.gradW 114.2656 1773066114.1991 114.2656 1773066114.1999 0
FUNC __main__.gradW 114.2656 1773066114.2017 114.2656 1773066114.2024 0
FUNC __main__.gradW 114.2656 1773066114.2042 114.2656 1773066114.2050 0
FUNC __main__.gradW 114.2656 1773066114.2068 114.2656 1773066114.2076 0
FUNC __main__.gradW 114.2656 1773066114.2094 114.2656 1773066114.2102 0
FUNC __main__.gradW 114.2656 1773066114.2119 114.2656 1773066114.2127 0
FUNC __main__.gradW 114.2656 1773066114.2144 114.2656 1773066114.2152 0
FUNC __main__.gradW 114.2656 1773066114.2170 114.2656 1773066114.2178 0
FUNC __main__.gradW 114.2656 1773066114.2196 114.2656 1773066114.2204 0
FUNC __main__.gradW 114.2656 1773066114.2221 114.2656 1773066114.2229 0
FUNC __main__.gradW 114.2656 1773066114.2247 114.2656 1773066114.2255 0
FUNC __main__.gradW 114.2656 1773066114.2272 114.2656 1773066114.2280 0
FUNC __main__.gradW 114.2656 1773066114.2298 114.2656 1773066114.2306 0
FUNC __main__.gradW 114.2812 1773066114.2323 114.2812 1773066114.2331 0
FUNC __main__.gradW 114.2812 1773066114.2349 114.2812 1773066114.2357 0
FUNC __main__.gradW 114.2969 1773066114.2374 114.2969 1773066114.2382 0
FUNC __main__.gradW 114.2969 1773066114.2400 114.2969 1773066114.2409 0
FUNC __main__.gradW 114.2969 1773066114.2426 114.2969 1773066114.2434 0
FUNC __main__.gradW 114.2969 1773066114.2452 114.2969 1773066114.2460 0
FUNC __main__.gradW 114.2969 1773066114.2477 114.2969 1773066114.2485 0
FUNC __main__.gradW 114.2969 1773066114.2503 114.2969 1773066114.2511 0
FUNC __main__.gradW 114.2969 1773066114.2529 114.2969 1773066114.2537 0
FUNC __main__.gradW 114.2969 1773066114.2555 114.2969 1773066114.2562 0
FUNC __main__.gradW 114.2969 1773066114.2580 114.2969 1773066114.2588 0
FUNC __main__.gradW 114.2969 1773066114.2605 114.2969 1773066114.2613 0
FUNC __main__.gradW 114.2969 1773066114.2631 114.2969 1773066114.2639 0
FUNC __main__.gradW 114.2969 1773066114.2657 114.2969 1773066114.2665 0
FUNC __main__.gradW 114.2969 1773066114.2682 114.2969 1773066114.2690 0
FUNC __main__.gradW 114.2969 1773066114.2708 114.2969 1773066114.2716 0
FUNC __main__.gradW 114.3125 1773066114.2734 114.3125 1773066114.2742 0
FUNC __main__.gradW 114.3125 1773066114.2759 114.3125 1773066114.2767 0
FUNC __main__.gradW 114.3125 1773066114.2785 114.3125 1773066114.2793 0
FUNC __main__.gradW 114.3125 1773066114.2811 114.3125 1773066114.2819 0
FUNC __main__.gradW 114.3125 1773066114.2837 114.3125 1773066114.2845 0
FUNC __main__.gradW 114.3125 1773066114.2863 114.3125 1773066114.2871 0
FUNC __main__.gradW 114.3125 1773066114.2888 114.3125 1773066114.2897 0
FUNC __main__.gradW 114.3125 1773066114.2914 114.3125 1773066114.2922 0
FUNC __main__.gradW 114.3125 1773066114.2940 114.3125 1773066114.2948 0
FUNC __main__.gradW 114.3125 1773066114.2965 114.3125 1773066114.2973 0
FUNC __main__.gradW 114.3125 1773066114.2991 114.3125 1773066114.2999 0
FUNC __main__.gradW 114.3125 1773066114.3017 114.3125 1773066114.3025 0
FUNC __main__.gradW 114.3125 1773066114.3042 114.3125 1773066114.3050 0
FUNC __main__.gradW 114.3125 1773066114.3068 114.3125 1773066114.3076 0
FUNC __main__.gradW 114.3125 1773066114.3094 114.3125 1773066114.3102 0
FUNC __main__.gradW 114.3125 1773066114.3119 114.3125 1773066114.3127 0
FUNC __main__.gradW 114.3281 1773066114.3146 114.3281 1773066114.3154 0
FUNC __main__.gradW 114.3281 1773066114.3171 114.3281 1773066114.3179 0
FUNC __main__.gradW 114.3438 1773066114.3196 114.3438 1773066114.3204 0
FUNC __main__.gradW 114.3438 1773066114.3222 114.3438 1773066114.3231 0
FUNC __main__.gradW 114.3438 1773066114.3248 114.3438 1773066114.3256 0
FUNC __main__.gradW 114.3438 1773066114.3274 114.3438 1773066114.3282 0
FUNC __main__.gradW 114.3438 1773066114.3300 114.3438 1773066114.3308 0
FUNC __main__.gradW 114.3438 1773066114.3325 114.3438 1773066114.3334 0
FUNC __main__.gradW 114.3438 1773066114.3351 114.3438 1773066114.3359 0
FUNC __main__.gradW 114.3438 1773066114.3377 114.3438 1773066114.3385 0
FUNC __main__.gradW 114.3438 1773066114.3403 114.3438 1773066114.3411 0
FUNC __main__.gradW 114.3438 1773066114.3428 114.3438 1773066114.3436 0
FUNC __main__.gradW 114.3438 1773066114.3454 114.3438 1773066114.3462 0
FUNC __main__.gradW 114.3438 1773066114.3479 114.3438 1773066114.3488 0
FUNC __main__.gradW 114.3438 1773066114.3505 114.3438 1773066114.3514 0
FUNC __main__.gradW 114.3438 1773066114.3531 114.3438 1773066114.3539 0
FUNC __main__.gradW 114.3594 1773066114.3557 114.3594 1773066114.3566 0
FUNC __main__.gradW 114.3594 1773066114.3585 114.3594 1773066114.3594 0
FUNC __main__.gradW 114.3594 1773066114.3611 114.3594 1773066114.3619 0
FUNC __main__.gradW 114.3594 1773066114.3638 114.3594 1773066114.3646 0
FUNC __main__.gradW 114.3594 1773066114.3663 114.3594 1773066114.3671 0
FUNC __main__.gradW 114.3594 1773066114.3689 114.3594 1773066114.3697 0
FUNC __main__.gradW 114.3594 1773066114.3715 114.3594 1773066114.3723 0
FUNC __main__.gradW 114.3594 1773066114.3742 114.3594 1773066114.3750 0
FUNC __main__.gradW 114.3594 1773066114.3769 114.3594 1773066114.3777 0
FUNC __main__.gradW 114.3594 1773066114.3795 114.3594 1773066114.3804 0
FUNC __main__.gradW 114.3594 1773066114.3821 114.3594 1773066114.3829 0
FUNC __main__.gradW 114.3594 1773066114.3847 114.3594 1773066114.3855 0
FUNC __main__.gradW 114.3594 1773066114.3874 114.3594 1773066114.3883 0
FUNC __main__.gradW 114.3594 1773066114.3902 114.3594 1773066114.3911 0
FUNC __main__.gradW 114.3594 1773066114.3929 114.3594 1773066114.3937 0
FUNC __main__.gradW 114.3594 1773066114.3955 114.3750 1773066114.3963 0
FUNC __main__.gradW 114.3750 1773066114.3981 114.3750 1773066114.3988 0
FUNC __main__.gradW 114.3750 1773066114.4006 114.3750 1773066114.4014 0
FUNC __main__.gradW 114.3906 1773066114.4033 114.3906 1773066114.4042 0
FUNC __main__.gradW 114.3906 1773066114.4061 114.3906 1773066114.4069 0
FUNC __main__.gradW 114.3906 1773066114.4087 114.3906 1773066114.4096 0
FUNC __main__.gradW 114.3906 1773066114.4114 114.3906 1773066114.4122 0
FUNC __main__.gradW 114.3906 1773066114.4139 114.3906 1773066114.4147 0
FUNC __main__.gradW 114.3906 1773066114.4165 114.3906 1773066114.4173 0
FUNC __main__.gradW 114.3906 1773066114.4191 114.3906 1773066114.4200 0
FUNC __main__.gradW 114.3906 1773066114.4218 114.3906 1773066114.4227 0
FUNC __main__.gradW 114.3906 1773066114.4246 114.3906 1773066114.4255 0
FUNC __main__.gradW 114.3906 1773066114.4273 114.3906 1773066114.4281 0
FUNC __main__.gradW 114.3906 1773066114.4298 114.3906 1773066114.4306 0
FUNC __main__.gradW 114.3906 1773066114.4324 114.3906 1773066114.4332 0
FUNC __main__.gradW 114.3906 1773066114.4350 114.3906 1773066114.4358 0
FUNC __main__.gradW 114.3906 1773066114.4377 114.4062 1773066114.4386 0
FUNC __main__.gradW 114.4062 1773066114.4405 114.4062 1773066114.4413 0
FUNC __main__.gradW 114.4062 1773066114.4431 114.4062 1773066114.4439 0
FUNC __main__.gradW 114.4062 1773066114.4457 114.4062 1773066114.4465 0
FUNC __main__.gradW 114.4062 1773066114.4483 114.4062 1773066114.4491 0
FUNC __main__.gradW 114.4062 1773066114.4509 114.4062 1773066114.4517 0
FUNC __main__.gradW 114.4062 1773066114.4536 114.4062 1773066114.4545 0
FUNC __main__.gradW 114.4062 1773066114.4563 114.4062 1773066114.4572 0
FUNC __main__.gradW 114.4062 1773066114.4590 114.4062 1773066114.4599 0
FUNC __main__.gradW 114.4062 1773066114.4617 114.4062 1773066114.4625 0
FUNC __main__.gradW 114.4062 1773066114.4643 114.4062 1773066114.4651 0
FUNC __main__.gradW 114.4062 1773066114.4669 114.4062 1773066114.4677 0
FUNC __main__.gradW 114.4062 1773066114.4695 114.4062 1773066114.4705 0
FUNC __main__.gradW 114.4062 1773066114.4724 114.4062 1773066114.4733 0
FUNC __main__.gradW 114.4062 1773066114.4751 114.4062 1773066114.4760 0
FUNC __main__.gradW 114.4062 1773066114.4777 114.4062 1773066114.4785 0
FUNC __main__.gradW 114.4219 1773066114.4803 114.4219 1773066114.4811 0
FUNC __main__.gradW 114.4219 1773066114.4830 114.4219 1773066114.4839 0
FUNC __main__.gradW 114.4219 1773066114.4856 114.4219 1773066114.4865 0
FUNC __main__.gradW 114.4375 1773066114.4884 114.4375 1773066114.4893 0
FUNC __main__.gradW 114.4375 1773066114.4911 114.4375 1773066114.4920 0
FUNC __main__.gradW 114.4375 1773066114.4938 114.4375 1773066114.4946 0
FUNC __main__.gradW 114.4375 1773066114.4965 114.4375 1773066114.4973 0
FUNC __main__.gradW 114.4375 1773066114.4991 114.4375 1773066114.4999 0
FUNC __main__.gradW 114.4375 1773066114.5016 114.4375 1773066114.5025 0
FUNC __main__.gradW 114.4375 1773066114.5043 114.4375 1773066114.5052 0
FUNC __main__.gradW 114.4375 1773066114.5071 114.4375 1773066114.5081 0
FUNC __main__.gradW 114.4375 1773066114.5099 114.4375 1773066114.5107 0
FUNC __main__.gradW 114.4375 1773066114.5125 114.4375 1773066114.5133 0
FUNC __main__.gradW 114.4375 1773066114.5151 114.4375 1773066114.5159 0
FUNC __main__.gradW 114.4375 1773066114.5177 114.4375 1773066114.5185 0
FUNC __main__.gradW 114.4375 1773066114.5204 114.4375 1773066114.5213 0
FUNC __main__.gradW 114.4531 1773066114.5232 114.4531 1773066114.5241 0
FUNC __main__.gradW 114.4531 1773066114.5259 114.4531 1773066114.5267 0
FUNC __main__.gradW 114.4531 1773066114.5285 114.4531 1773066114.5293 0
FUNC __main__.gradW 114.4531 1773066114.5311 114.4531 1773066114.5320 0
FUNC __main__.gradW 114.4531 1773066114.5338 114.4531 1773066114.5346 0
FUNC __main__.gradW 114.4531 1773066114.5364 114.4531 1773066114.5372 0
FUNC __main__.gradW 114.4531 1773066114.5391 114.4531 1773066114.5400 0
FUNC __main__.gradW 114.4531 1773066114.5419 114.4531 1773066114.5427 0
FUNC __main__.gradW 114.4531 1773066114.5445 114.4531 1773066114.5453 0
FUNC __main__.gradW 114.4531 1773066114.5472 114.4531 1773066114.5479 0
FUNC __main__.gradW 114.4531 1773066114.5497 114.4531 1773066114.5505 0
FUNC __main__.gradW 114.4531 1773066114.5523 114.4531 1773066114.5532 0
FUNC __main__.gradW 114.4531 1773066114.5551 114.4531 1773066114.5560 0
FUNC __main__.gradW 114.4531 1773066114.5578 114.4531 1773066114.5587 0
FUNC __main__.gradW 114.4531 1773066114.5604 114.4531 1773066114.5612 0
FUNC __main__.gradW 114.4531 1773066114.5631 114.4531 1773066114.5639 0
FUNC __main__.gradW 114.4688 1773066114.5657 114.4688 1773066114.5665 0
FUNC __main__.gradW 114.4688 1773066114.5682 114.4688 1773066114.5691 0
FUNC __main__.gradW 114.4688 1773066114.5710 114.4688 1773066114.5719 0
FUNC __main__.gradW 114.4844 1773066114.5738 114.4844 1773066114.5747 0
FUNC __main__.gradW 114.4844 1773066114.5765 114.4844 1773066114.5773 0
FUNC __main__.gradW 114.4844 1773066114.5790 114.4844 1773066114.5799 0
FUNC __main__.gradW 114.4844 1773066114.5816 114.4844 1773066114.5824 0
FUNC __main__.gradW 114.4844 1773066114.5842 114.4844 1773066114.5850 0
FUNC __main__.gradW 114.4844 1773066114.5868 114.4844 1773066114.5877 0
FUNC __main__.gradW 114.4844 1773066114.5896 114.4844 1773066114.5904 0
FUNC __main__.gradW 114.4844 1773066114.5923 114.4844 1773066114.5932 0
FUNC __main__.gradW 114.4844 1773066114.5950 114.4844 1773066114.5958 0
FUNC __main__.gradW 114.4844 1773066114.5975 114.4844 1773066114.5983 0
FUNC __main__.gradW 114.4844 1773066114.6001 114.4844 1773066114.6009 0
FUNC __main__.gradW 114.4844 1773066114.6027 114.4844 1773066114.6035 0
FUNC __main__.gradW 114.4844 1773066114.6054 114.4844 1773066114.6063 0
FUNC __main__.gradW 114.5000 1773066114.6081 114.5000 1773066114.6090 0
FUNC __main__.gradW 114.5000 1773066114.6107 114.5000 1773066114.6115 0
FUNC __main__.gradW 114.5000 1773066114.6133 114.5000 1773066114.6141 0
FUNC __main__.gradW 114.5000 1773066114.6159 114.5000 1773066114.6167 0
FUNC __main__.gradW 114.5000 1773066114.6186 114.5000 1773066114.6194 0
FUNC __main__.gradW 114.5156 1773066114.6213 114.5156 1773066114.6222 0
FUNC __main__.gradW 114.5156 1773066114.6240 114.5156 1773066114.6249 0
FUNC __main__.gradW 114.5156 1773066114.6267 114.5156 1773066114.6276 0
FUNC __main__.gradW 114.5156 1773066114.6294 114.5156 1773066114.6302 0
FUNC __main__.gradW 114.5156 1773066114.6320 114.5156 1773066114.6328 0
FUNC __main__.gradW 114.5156 1773066114.6346 114.5156 1773066114.6354 0
FUNC __main__.gradW 114.5156 1773066114.6372 114.5156 1773066114.6381 0
FUNC __main__.gradW 114.5156 1773066114.6399 114.5156 1773066114.6408 0
FUNC __main__.gradW 114.5156 1773066114.6427 114.5156 1773066114.6435 0
FUNC __main__.gradW 114.5156 1773066114.6452 114.5156 1773066114.6460 0
FUNC __main__.gradW 114.5156 1773066114.6478 114.5156 1773066114.6486 0
FUNC __main__.gradW 114.5312 1773066114.6504 114.5312 1773066114.6512 0
FUNC __main__.gradW 114.5312 1773066114.6530 114.5312 1773066114.6539 0
FUNC __main__.gradW 114.5312 1773066114.6557 114.5312 1773066114.6565 0
FUNC __main__.gradW 114.5469 1773066114.6583 114.5469 1773066114.6592 0
FUNC __main__.gradW 114.5469 1773066114.6609 114.5469 1773066114.6617 0
FUNC __main__.gradW 114.5469 1773066114.6635 114.5469 1773066114.6643 0
FUNC __main__.gradW 114.5469 1773066114.6661 114.5469 1773066114.6669 0
FUNC __main__.gradW 114.5469 1773066114.6687 114.5469 1773066114.6695 0
FUNC __main__.gradW 114.5469 1773066114.6713 114.5469 1773066114.6721 0
FUNC __main__.gradW 114.5469 1773066114.6738 114.5469 1773066114.6747 0
FUNC __main__.gradW 114.5469 1773066114.6765 114.5469 1773066114.6773 0
FUNC __main__.gradW 114.5469 1773066114.6791 114.5469 1773066114.6799 0
FUNC __main__.gradW 114.5469 1773066114.6817 114.5469 1773066114.6825 0
FUNC __main__.gradW 114.5469 1773066114.6843 114.5469 1773066114.6851 0
FUNC __main__.gradW 114.5469 1773066114.6869 114.5469 1773066114.6877 0
FUNC __main__.gradW 114.5469 1773066114.6895 114.5469 1773066114.6903 0
FUNC __main__.gradW 114.5625 1773066114.6922 114.5625 1773066114.6930 0
FUNC __main__.gradW 114.5625 1773066114.6948 114.5625 1773066114.6956 0
FUNC __main__.gradW 114.5625 1773066114.6974 114.5625 1773066114.6982 0
FUNC __main__.gradW 114.5625 1773066114.7000 114.5625 1773066114.7008 0
FUNC __main__.gradW 114.5625 1773066114.7026 114.5625 1773066114.7034 0
FUNC __main__.gradW 114.5625 1773066114.7052 114.5625 1773066114.7061 0
FUNC __main__.gradW 114.5625 1773066114.7080 114.5625 1773066114.7089 0
FUNC __main__.gradW 114.5625 1773066114.7106 114.5625 1773066114.7114 0
FUNC __main__.gradW 114.5625 1773066114.7132 114.5625 1773066114.7140 0
FUNC __main__.gradW 114.5625 1773066114.7158 114.5625 1773066114.7167 0
FUNC __main__.gradW 114.5625 1773066114.7184 114.5625 1773066114.7192 0
FUNC __main__.gradW 114.5625 1773066114.7211 114.5625 1773066114.7219 0
FUNC __main__.gradW 114.5625 1773066114.7238 114.5625 1773066114.7247 0
FUNC __main__.gradW 114.5625 1773066114.7265 114.5625 1773066114.7274 0
FUNC __main__.gradW 114.5625 1773066114.7291 114.5625 1773066114.7299 0
FUNC __main__.gradW 114.5625 1773066114.7317 114.5625 1773066114.7325 0
FUNC __main__.gradW 114.5781 1773066114.7343 114.5781 1773066114.7351 0
FUNC __main__.gradW 114.5781 1773066114.7369 114.5781 1773066114.7377 0
FUNC __main__.gradW 114.5781 1773066114.7396 114.5781 1773066114.7405 0
FUNC __main__.gradW 114.5938 1773066114.7423 114.5938 1773066114.7432 0
FUNC __main__.gradW 114.5938 1773066114.7449 114.5938 1773066114.7457 0
FUNC __main__.gradW 114.5938 1773066114.7475 114.5938 1773066114.7483 0
FUNC __main__.gradW 114.5938 1773066114.7501 114.5938 1773066114.7509 0
FUNC __main__.gradW 114.5938 1773066114.7527 114.5938 1773066114.7536 0
FUNC __main__.gradW 114.5938 1773066114.7554 114.5938 1773066114.7563 0
FUNC __main__.gradW 114.5938 1773066114.7581 114.5938 1773066114.7590 0
FUNC __main__.gradW 114.5938 1773066114.7608 114.5938 1773066114.7616 0
FUNC __main__.gradW 114.5938 1773066114.7634 114.5938 1773066114.7642 0
FUNC __main__.gradW 114.5938 1773066114.7659 114.5938 1773066114.7668 0
FUNC __main__.gradW 114.5938 1773066114.7685 114.5938 1773066114.7694 0
FUNC __main__.gradW 114.5938 1773066114.7713 114.5938 1773066114.7722 0
FUNC __main__.gradW 114.5938 1773066114.7740 114.5938 1773066114.7749 0
FUNC __main__.gradW 114.6094 1773066114.7766 114.6094 1773066114.7774 0
FUNC __main__.gradW 114.6094 1773066114.7792 114.6094 1773066114.7800 0
FUNC __main__.gradW 114.6094 1773066114.7818 114.6094 1773066114.7826 0
FUNC __main__.gradW 114.6094 1773066114.7844 114.6094 1773066114.7852 0
FUNC __main__.gradW 114.6094 1773066114.7892 114.6094 1773066114.7901 0
FUNC __main__.gradW 114.6094 1773066114.7920 114.6094 1773066114.7928 0
FUNC __main__.gradW 114.6094 1773066114.7945 114.6094 1773066114.7953 0
FUNC __main__.gradW 114.6094 1773066114.7971 114.6094 1773066114.7979 0
FUNC __main__.gradW 114.6094 1773066114.7997 114.6094 1773066114.8005 0
FUNC __main__.gradW 114.6094 1773066114.8023 114.6094 1773066114.8031 0
FUNC __main__.gradW 114.6094 1773066114.8050 114.6094 1773066114.8059 0
FUNC __main__.gradW 114.6094 1773066114.8077 114.6094 1773066114.8085 0
FUNC __main__.gradW 114.6094 1773066114.8103 114.6094 1773066114.8111 0
FUNC __main__.getPairwiseSeparations 104.0156 1773066114.0180 107.7188 1773066114.0186 0
FUNC __main__.getPairwiseSeparations 111.6562 1773066114.0197 111.6562 1773066114.0200 0
FUNC __main__.getPairwiseSeparations 114.1562 1773066114.0216 114.1562 1773066114.0219 0
FUNC __main__.getPairwiseSeparations 114.1562 1773066114.0229 114.1562 1773066114.0232 0
FUNC __main__.getPairwiseSeparations 114.1719 1773066114.0247 114.1719 1773066114.0250 0
FUNC __main__.getPairwiseSeparations 114.1719 1773066114.0259 114.1719 1773066114.0263 0
FUNC __main__.getPairwiseSeparations 114.1719 1773066114.0277 114.1719 1773066114.0280 0
FUNC __main__.getPairwiseSeparations 114.1719 1773066114.0289 114.1719 1773066114.0292 0
FUNC __main__.getPairwiseSeparations 114.1719 1773066114.0306 114.1719 1773066114.0309 0
FUNC __main__.getPairwiseSeparations 114.1719 1773066114.0318 114.1719 1773066114.0321 0
FUNC __main__.getPairwiseSeparations 114.1719 1773066114.0335 114.1719 1773066114.0338 0
FUNC __main__.getPairwiseSeparations 114.1719 1773066114.0347 114.1719 1773066114.0350 0
FUNC __main__.getPairwiseSeparations 114.1719 1773066114.0364 114.1719 1773066114.0367 0
FUNC __main__.getPairwiseSeparations 114.1719 1773066114.0376 114.1719 1773066114.0379 0
FUNC __main__.getPairwiseSeparations 114.1719 1773066114.0393 114.1719 1773066114.0396 0
FUNC __main__.getPairwiseSeparations 114.1719 1773066114.0405 114.1719 1773066114.0408 0
FUNC __main__.getPairwiseSeparations 114.1719 1773066114.0422 114.1719 1773066114.0425 0
FUNC __main__.getPairwiseSeparations 114.1719 1773066114.0434 114.1719 1773066114.0437 0
FUNC __main__.getPairwiseSeparations 114.1719 1773066114.0451 114.1719 1773066114.0454 0
FUNC __main__.getPairwiseSeparations 114.1719 1773066114.0462 114.1719 1773066114.0466 0
FUNC __main__.getPairwiseSeparations 114.1719 1773066114.0479 114.1719 1773066114.0482 0
FUNC __main__.getPairwiseSeparations 114.1719 1773066114.0490 114.1719 1773066114.0494 0
FUNC __main__.getPairwiseSeparations 114.1719 1773066114.0507 114.1719 1773066114.0510 0
FUNC __main__.getPairwiseSeparations 114.1719 1773066114.0519 114.1719 1773066114.0522 0
FUNC __main__.getPairwiseSeparations 114.1719 1773066114.0535 114.1719 1773066114.0538 0
FUNC __main__.getPairwiseSeparations 114.1719 1773066114.0546 114.1719 1773066114.0550 0
FUNC __main__.getPairwiseSeparations 114.1719 1773066114.0563 114.1719 1773066114.0566 0
FUNC __main__.getPairwiseSeparations 114.1719 1773066114.0574 114.1719 1773066114.0578 0
FUNC __main__.getPairwiseSeparations 114.1719 1773066114.0590 114.1719 1773066114.0593 0
FUNC __main__.getPairwiseSeparations 114.1719 1773066114.0601 114.1719 1773066114.0604 0
FUNC __main__.getPairwiseSeparations 114.1719 1773066114.0617 114.1719 1773066114.0620 0
FUNC __main__.getPairwiseSeparations 114.1719 1773066114.0628 114.1719 1773066114.0631 0
FUNC __main__.getPairwiseSeparations 114.1719 1773066114.0644 114.1719 1773066114.0647 0
FUNC __main__.getPairwiseSeparations 114.1719 1773066114.0655 114.1719 1773066114.0658 0
FUNC __main__.getPairwiseSeparations 114.1719 1773066114.0670 114.1719 1773066114.0673 0
FUNC __main__.getPairwiseSeparations 114.1875 1773066114.0681 114.1875 1773066114.0684 0
FUNC __main__.getPairwiseSeparations 114.1875 1773066114.0696 114.1875 1773066114.0700 0
FUNC __main__.getPairwiseSeparations 114.1875 1773066114.0707 114.1875 1773066114.0710 0
FUNC __main__.getPairwiseSeparations 114.1875 1773066114.0722 114.1875 1773066114.0725 0
FUNC __main__.getPairwiseSeparations 114.1875 1773066114.0734 114.1875 1773066114.0737 0
FUNC __main__.getPairwiseSeparations 114.2031 1773066114.0749 114.2031 1773066114.0752 0
FUNC __main__.getPairwiseSeparations 114.2031 1773066114.0759 114.2031 1773066114.0763 0
FUNC __main__.getPairwiseSeparations 114.2031 1773066114.0775 114.2031 1773066114.0777 0
FUNC __main__.getPairwiseSeparations 114.2031 1773066114.0785 114.2031 1773066114.0788 0
FUNC __main__.getPairwiseSeparations 114.2031 1773066114.0801 114.2031 1773066114.0804 0
FUNC __main__.getPairwiseSeparations 114.2031 1773066114.0811 114.2031 1773066114.0815 0
FUNC __main__.getPairwiseSeparations 114.2031 1773066114.0827 114.2031 1773066114.0830 0
FUNC __main__.getPairwiseSeparations 114.2031 1773066114.0837 114.2031 1773066114.0840 0
FUNC __main__.getPairwiseSeparations 114.2031 1773066114.0852 114.2031 1773066114.0855 0
FUNC __main__.getPairwiseSeparations 114.2031 1773066114.0862 114.2031 1773066114.0866 0
FUNC __main__.getPairwiseSeparations 114.2031 1773066114.0877 114.2031 1773066114.0880 0
FUNC __main__.getPairwiseSeparations 114.2031 1773066114.0888 114.2031 1773066114.0891 0
FUNC __main__.getPairwiseSeparations 114.2031 1773066114.0904 114.2031 1773066114.0906 0
FUNC __main__.getPairwiseSeparations 114.2031 1773066114.0914 114.2031 1773066114.0917 0
FUNC __main__.getPairwiseSeparations 114.2031 1773066114.0929 114.2031 1773066114.0932 0
FUNC __main__.getPairwiseSeparations 114.2031 1773066114.0939 114.2031 1773066114.0942 0
FUNC __main__.getPairwiseSeparations 114.2031 1773066114.0955 114.2031 1773066114.0958 0
FUNC __main__.getPairwiseSeparations 114.2031 1773066114.0965 114.2031 1773066114.0968 0
FUNC __main__.getPairwiseSeparations 114.2031 1773066114.0980 114.2031 1773066114.0983 0
FUNC __main__.getPairwiseSeparations 114.2031 1773066114.0990 114.2031 1773066114.0993 0
FUNC __main__.getPairwiseSeparations 114.2031 1773066114.1005 114.2031 1773066114.1008 0
FUNC __main__.getPairwiseSeparations 114.2031 1773066114.1015 114.2031 1773066114.1019 0
FUNC __main__.getPairwiseSeparations 114.2031 1773066114.1031 114.2031 1773066114.1034 0
FUNC __main__.getPairwiseSeparations 114.2031 1773066114.1041 114.2031 1773066114.1044 0
FUNC __main__.getPairwiseSeparations 114.2031 1773066114.1056 114.2031 1773066114.1059 0
FUNC __main__.getPairwiseSeparations 114.2031 1773066114.1066 114.2031 1773066114.1070 0
FUNC __main__.getPairwiseSeparations 114.2031 1773066114.1082 114.2031 1773066114.1085 0
FUNC __main__.getPairwiseSeparations 114.2188 1773066114.1092 114.2188 1773066114.1095 0
FUNC __main__.getPairwiseSeparations 114.2188 1773066114.1107 114.2188 1773066114.1110 0
FUNC __main__.getPairwiseSeparations 114.2188 1773066114.1117 114.2188 1773066114.1121 0
FUNC __main__.getPairwiseSeparations 114.2188 1773066114.1133 114.2188 1773066114.1135 0
FUNC __main__.getPairwiseSeparations 114.2188 1773066114.1143 114.2188 1773066114.1146 0
FUNC __main__.getPairwiseSeparations 114.2188 1773066114.1158 114.2188 1773066114.1161 0
FUNC __main__.getPairwiseSeparations 114.2188 1773066114.1168 114.2188 1773066114.1171 0
FUNC __main__.getPairwiseSeparations 114.2188 1773066114.1183 114.2188 1773066114.1186 0
FUNC __main__.getPairwiseSeparations 114.2188 1773066114.1194 114.2188 1773066114.1197 0
FUNC __main__.getPairwiseSeparations 114.2188 1773066114.1209 114.2188 1773066114.1212 0
FUNC __main__.getPairwiseSeparations 114.2188 1773066114.1219 114.2188 1773066114.1223 0
FUNC __main__.getPairwiseSeparations 114.2188 1773066114.1236 114.2188 1773066114.1239 0
FUNC __main__.getPairwiseSeparations 114.2188 1773066114.1246 114.2188 1773066114.1249 0
FUNC __main__.getPairwiseSeparations 114.2188 1773066114.1261 114.2188 1773066114.1264 0
FUNC __main__.getPairwiseSeparations 114.2188 1773066114.1271 114.2188 1773066114.1275 0
FUNC __main__.getPairwiseSeparations 114.2188 1773066114.1287 114.2188 1773066114.1290 0
FUNC __main__.getPairwiseSeparations 114.2188 1773066114.1297 114.2188 1773066114.1301 0
FUNC __main__.getPairwiseSeparations 114.2188 1773066114.1313 114.2188 1773066114.1316 0
FUNC __main__.getPairwiseSeparations 114.2188 1773066114.1323 114.2188 1773066114.1326 0
FUNC __main__.getPairwiseSeparations 114.2188 1773066114.1338 114.2188 1773066114.1341 0
FUNC __main__.getPairwiseSeparations 114.2188 1773066114.1348 114.2188 1773066114.1352 0
FUNC __main__.getPairwiseSeparations 114.2188 1773066114.1364 114.2188 1773066114.1367 0
FUNC __main__.getPairwiseSeparations 114.2188 1773066114.1374 114.2188 1773066114.1377 0
FUNC __main__.getPairwiseSeparations 114.2188 1773066114.1389 114.2188 1773066114.1392 0
FUNC __main__.getPairwiseSeparations 114.2188 1773066114.1399 114.2188 1773066114.1402 0
FUNC __main__.getPairwiseSeparations 114.2188 1773066114.1415 114.2188 1773066114.1417 0
FUNC __main__.getPairwiseSeparations 114.2188 1773066114.1425 114.2188 1773066114.1428 0
FUNC __main__.getPairwiseSeparations 114.2188 1773066114.1440 114.2188 1773066114.1443 0
FUNC __main__.getPairwiseSeparations 114.2188 1773066114.1450 114.2188 1773066114.1453 0
FUNC __main__.getPairwiseSeparations 114.2188 1773066114.1465 114.2188 1773066114.1468 0
FUNC __main__.getPairwiseSeparations 114.2188 1773066114.1476 114.2188 1773066114.1479 0
FUNC __main__.getPairwiseSeparations 114.2188 1773066114.1491 114.2188 1773066114.1494 0
FUNC __main__.getPairwiseSeparations 114.2344 1773066114.1501 114.2344 1773066114.1504 0
FUNC __main__.getPairwiseSeparations 114.2344 1773066114.1516 114.2344 1773066114.1519 0
FUNC __main__.getPairwiseSeparations 114.2344 1773066114.1526 114.2344 1773066114.1530 0
FUNC __main__.getPairwiseSeparations 114.2344 1773066114.1541 114.2344 1773066114.1544 0
FUNC __main__.getPairwiseSeparations 114.2344 1773066114.1552 114.2344 1773066114.1555 0
FUNC __main__.getPairwiseSeparations 114.2500 1773066114.1567 114.2500 1773066114.1570 0
FUNC __main__.getPairwiseSeparations 114.2500 1773066114.1577 114.2500 1773066114.1581 0
FUNC __main__.getPairwiseSeparations 114.2500 1773066114.1593 114.2500 1773066114.1595 0
FUNC __main__.getPairwiseSeparations 114.2500 1773066114.1603 114.2500 1773066114.1606 0
FUNC __main__.getPairwiseSeparations 114.2500 1773066114.1618 114.2500 1773066114.1621 0
FUNC __main__.getPairwiseSeparations 114.2500 1773066114.1628 114.2500 1773066114.1631 0
FUNC __main__.getPairwiseSeparations 114.2500 1773066114.1643 114.2500 1773066114.1646 0
FUNC __main__.getPairwiseSeparations 114.2500 1773066114.1653 114.2500 1773066114.1656 0
FUNC __main__.getPairwiseSeparations 114.2500 1773066114.1668 114.2500 1773066114.1671 0
FUNC __main__.getPairwiseSeparations 114.2500 1773066114.1679 114.2500 1773066114.1682 0
FUNC __main__.getPairwiseSeparations 114.2500 1773066114.1694 114.2500 1773066114.1697 0
FUNC __main__.getPairwiseSeparations 114.2500 1773066114.1704 114.2500 1773066114.1707 0
FUNC __main__.getPairwiseSeparations 114.2500 1773066114.1720 114.2500 1773066114.1723 0
FUNC __main__.getPairwiseSeparations 114.2500 1773066114.1731 114.2500 1773066114.1734 0
FUNC __main__.getPairwiseSeparations 114.2500 1773066114.1747 114.2500 1773066114.1750 0
FUNC __main__.getPairwiseSeparations 114.2500 1773066114.1757 114.2500 1773066114.1760 0
FUNC __main__.getPairwiseSeparations 114.2500 1773066114.1772 114.2500 1773066114.1775 0
FUNC __main__.getPairwiseSeparations 114.2500 1773066114.1782 114.2500 1773066114.1786 0
FUNC __main__.getPairwiseSeparations 114.2500 1773066114.1798 114.2500 1773066114.1801 0
FUNC __main__.getPairwiseSeparations 114.2500 1773066114.1808 114.2500 1773066114.1812 0
FUNC __main__.getPairwiseSeparations 114.2500 1773066114.1824 114.2500 1773066114.1827 0
FUNC __main__.getPairwiseSeparations 114.2500 1773066114.1834 114.2500 1773066114.1837 0
FUNC __main__.getPairwiseSeparations 114.2500 1773066114.1849 114.2500 1773066114.1852 0
FUNC __main__.getPairwiseSeparations 114.2500 1773066114.1860 114.2500 1773066114.1863 0
FUNC __main__.getPairwiseSeparations 114.2500 1773066114.1876 114.2500 1773066114.1878 0
FUNC __main__.getPairwiseSeparations 114.2500 1773066114.1886 114.2500 1773066114.1889 0
FUNC __main__.getPairwiseSeparations 114.2500 1773066114.1901 114.2656 1773066114.1904 0
FUNC __main__.getPairwiseSeparations 114.2656 1773066114.1912 114.2656 1773066114.1915 0
FUNC __main__.getPairwiseSeparations 114.2656 1773066114.1927 114.2656 1773066114.1930 0
FUNC __main__.getPairwiseSeparations 114.2656 1773066114.1937 114.2656 1773066114.1940 0
FUNC __main__.getPairwiseSeparations 114.2656 1773066114.1952 114.2656 1773066114.1955 0
FUNC __main__.getPairwiseSeparations 114.2656 1773066114.1962 114.2656 1773066114.1966 0
FUNC __main__.getPairwiseSeparations 114.2656 1773066114.1978 114.2656 1773066114.1981 0
FUNC __main__.getPairwiseSeparations 114.2656 1773066114.1988 114.2656 1773066114.1991 0
FUNC __main__.getPairwiseSeparations 114.2656 1773066114.2003 114.2656 1773066114.2006 0
FUNC __main__.getPairwiseSeparations 114.2656 1773066114.2013 114.2656 1773066114.2016 0
FUNC __main__.getPairwiseSeparations 114.2656 1773066114.2028 114.2656 1773066114.2031 0
FUNC __main__.getPairwiseSeparations 114.2656 1773066114.2038 114.2656 1773066114.2042 0
FUNC __main__.getPairwiseSeparations 114.2656 1773066114.2054 114.2656 1773066114.2057 0
FUNC __main__.getPairwiseSeparations 114.2656 1773066114.2065 114.2656 1773066114.2068 0
FUNC __main__.getPairwiseSeparations 114.2656 1773066114.2080 114.2656 1773066114.2083 0
FUNC __main__.getPairwiseSeparations 114.2656 1773066114.2090 114.2656 1773066114.2094 0
FUNC __main__.getPairwiseSeparations 114.2656 1773066114.2106 114.2656 1773066114.2108 0
FUNC __main__.getPairwiseSeparations 114.2656 1773066114.2116 114.2656 1773066114.2119 0
FUNC __main__.getPairwiseSeparations 114.2656 1773066114.2131 114.2656 1773066114.2134 0
FUNC __main__.getPairwiseSeparations 114.2656 1773066114.2141 114.2656 1773066114.2144 0
FUNC __main__.getPairwiseSeparations 114.2656 1773066114.2156 114.2656 1773066114.2159 0
FUNC __main__.getPairwiseSeparations 114.2656 1773066114.2167 114.2656 1773066114.2170 0
FUNC __main__.getPairwiseSeparations 114.2656 1773066114.2182 114.2656 1773066114.2185 0
FUNC __main__.getPairwiseSeparations 114.2656 1773066114.2192 114.2656 1773066114.2196 0
FUNC __main__.getPairwiseSeparations 114.2656 1773066114.2208 114.2656 1773066114.2211 0
FUNC __main__.getPairwiseSeparations 114.2656 1773066114.2218 114.2656 1773066114.2221 0
FUNC __main__.getPairwiseSeparations 114.2656 1773066114.2234 114.2656 1773066114.2236 0
FUNC __main__.getPairwiseSeparations 114.2656 1773066114.2243 114.2656 1773066114.2247 0
FUNC __main__.getPairwiseSeparations 114.2656 1773066114.2259 114.2656 1773066114.2262 0
FUNC __main__.getPairwiseSeparations 114.2656 1773066114.2269 114.2656 1773066114.2272 0
FUNC __main__.getPairwiseSeparations 114.2656 1773066114.2285 114.2656 1773066114.2287 0
FUNC __main__.getPairwiseSeparations 114.2656 1773066114.2295 114.2656 1773066114.2298 0
FUNC __main__.getPairwiseSeparations 114.2656 1773066114.2310 114.2812 1773066114.2313 0
FUNC __main__.getPairwiseSeparations 114.2812 1773066114.2320 114.2812 1773066114.2323 0
FUNC __main__.getPairwiseSeparations 114.2812 1773066114.2335 114.2812 1773066114.2338 0
FUNC __main__.getPairwiseSeparations 114.2812 1773066114.2346 114.2812 1773066114.2349 0
FUNC __main__.getPairwiseSeparations 114.2812 1773066114.2361 114.2812 1773066114.2364 0
FUNC __main__.getPairwiseSeparations 114.2812 1773066114.2371 114.2812 1773066114.2374 0
FUNC __main__.getPairwiseSeparations 114.2969 1773066114.2387 114.2969 1773066114.2390 0
FUNC __main__.getPairwiseSeparations 114.2969 1773066114.2397 114.2969 1773066114.2400 0
FUNC __main__.getPairwiseSeparations 114.2969 1773066114.2413 114.2969 1773066114.2416 0
FUNC __main__.getPairwiseSeparations 114.2969 1773066114.2423 114.2969 1773066114.2426 0
FUNC __main__.getPairwiseSeparations 114.2969 1773066114.2438 114.2969 1773066114.2441 0
FUNC __main__.getPairwiseSeparations 114.2969 1773066114.2448 114.2969 1773066114.2452 0
FUNC __main__.getPairwiseSeparations 114.2969 1773066114.2464 114.2969 1773066114.2467 0
FUNC __main__.getPairwiseSeparations 114.2969 1773066114.2474 114.2969 1773066114.2477 0
FUNC __main__.getPairwiseSeparations 114.2969 1773066114.2489 114.2969 1773066114.2492 0
FUNC __main__.getPairwiseSeparations 114.2969 1773066114.2499 114.2969 1773066114.2503 0
FUNC __main__.getPairwiseSeparations 114.2969 1773066114.2515 114.2969 1773066114.2518 0
FUNC __main__.getPairwiseSeparations 114.2969 1773066114.2525 114.2969 1773066114.2529 0
FUNC __main__.getPairwiseSeparations 114.2969 1773066114.2541 114.2969 1773066114.2544 0
FUNC __main__.getPairwiseSeparations 114.2969 1773066114.2551 114.2969 1773066114.2555 0
FUNC __main__.getPairwiseSeparations 114.2969 1773066114.2566 114.2969 1773066114.2569 0
FUNC __main__.getPairwiseSeparations 114.2969 1773066114.2576 114.2969 1773066114.2580 0
FUNC __main__.getPairwiseSeparations 114.2969 1773066114.2592 114.2969 1773066114.2595 0
FUNC __main__.getPairwiseSeparations 114.2969 1773066114.2602 114.2969 1773066114.2605 0
FUNC __main__.getPairwiseSeparations 114.2969 1773066114.2617 114.2969 1773066114.2620 0
FUNC __main__.getPairwiseSeparations 114.2969 1773066114.2627 114.2969 1773066114.2631 0
FUNC __main__.getPairwiseSeparations 114.2969 1773066114.2643 114.2969 1773066114.2646 0
FUNC __main__.getPairwiseSeparations 114.2969 1773066114.2653 114.2969 1773066114.2657 0
FUNC __main__.getPairwiseSeparations 114.2969 1773066114.2669 114.2969 1773066114.2672 0
FUNC __main__.getPairwiseSeparations 114.2969 1773066114.2679 114.2969 1773066114.2682 0
FUNC __main__.getPairwiseSeparations 114.2969 1773066114.2694 114.2969 1773066114.2697 0
FUNC __main__.getPairwiseSeparations 114.2969 1773066114.2704 114.2969 1773066114.2708 0
FUNC __main__.getPairwiseSeparations 114.3125 1773066114.2720 114.3125 1773066114.2723 0
FUNC __main__.getPairwiseSeparations 114.3125 1773066114.2730 114.3125 1773066114.2733 0
FUNC __main__.getPairwiseSeparations 114.3125 1773066114.2746 114.3125 1773066114.2748 0
FUNC __main__.getPairwiseSeparations 114.3125 1773066114.2756 114.3125 1773066114.2759 0
FUNC __main__.getPairwiseSeparations 114.3125 1773066114.2771 114.3125 1773066114.2774 0
FUNC __main__.getPairwiseSeparations 114.3125 1773066114.2781 114.3125 1773066114.2785 0
FUNC __main__.getPairwiseSeparations 114.3125 1773066114.2797 114.3125 1773066114.2800 0
FUNC __main__.getPairwiseSeparations 114.3125 1773066114.2807 114.3125 1773066114.2811 0
FUNC __main__.getPairwiseSeparations 114.3125 1773066114.2823 114.3125 1773066114.2826 0
FUNC __main__.getPairwiseSeparations 114.3125 1773066114.2834 114.3125 1773066114.2837 0
FUNC __main__.getPairwiseSeparations 114.3125 1773066114.2850 114.3125 1773066114.2852 0
FUNC __main__.getPairwiseSeparations 114.3125 1773066114.2860 114.3125 1773066114.2863 0
FUNC __main__.getPairwiseSeparations 114.3125 1773066114.2875 114.3125 1773066114.2878 0
FUNC __main__.getPairwiseSeparations 114.3125 1773066114.2885 114.3125 1773066114.2888 0
FUNC __main__.getPairwiseSeparations 114.3125 1773066114.2901 114.3125 1773066114.2903 0
FUNC __main__.getPairwiseSeparations 114.3125 1773066114.2911 114.3125 1773066114.2914 0
FUNC __main__.getPairwiseSeparations 114.3125 1773066114.2926 114.3125 1773066114.2929 0
FUNC __main__.getPairwiseSeparations 114.3125 1773066114.2936 114.3125 1773066114.2940 0
FUNC __main__.getPairwiseSeparations 114.3125 1773066114.2952 114.3125 1773066114.2955 0
FUNC __main__.getPairwiseSeparations 114.3125 1773066114.2962 114.3125 1773066114.2965 0
FUNC __main__.getPairwiseSeparations 114.3125 1773066114.2977 114.3125 1773066114.2980 0
FUNC __main__.getPairwiseSeparations 114.3125 1773066114.2988 114.3125 1773066114.2991 0
FUNC __main__.getPairwiseSeparations 114.3125 1773066114.3003 114.3125 1773066114.3006 0
FUNC __main__.getPairwiseSeparations 114.3125 1773066114.3013 114.3125 1773066114.3017 0
FUNC __main__.getPairwiseSeparations 114.3125 1773066114.3029 114.3125 1773066114.3032 0
FUNC __main__.getPairwiseSeparations 114.3125 1773066114.3039 114.3125 1773066114.3042 0
FUNC __main__.getPairwiseSeparations 114.3125 1773066114.3054 114.3125 1773066114.3057 0
FUNC __main__.getPairwiseSeparations 114.3125 1773066114.3065 114.3125 1773066114.3068 0
FUNC __main__.getPairwiseSeparations 114.3125 1773066114.3080 114.3125 1773066114.3083 0
FUNC __main__.getPairwiseSeparations 114.3125 1773066114.3090 114.3125 1773066114.3094 0
FUNC __main__.getPairwiseSeparations 114.3125 1773066114.3106 114.3125 1773066114.3109 0
FUNC __main__.getPairwiseSeparations 114.3125 1773066114.3116 114.3125 1773066114.3119 0
FUNC __main__.getPairwiseSeparations 114.3281 1773066114.3131 114.3281 1773066114.3135 0
FUNC __main__.getPairwiseSeparations 114.3281 1773066114.3142 114.3281 1773066114.3146 0
FUNC __main__.getPairwiseSeparations 114.3281 1773066114.3158 114.3281 1773066114.3160 0
FUNC __main__.getPairwiseSeparations 114.3281 1773066114.3168 114.3281 1773066114.3171 0
FUNC __main__.getPairwiseSeparations 114.3281 1773066114.3183 114.3281 1773066114.3186 0
FUNC __main__.getPairwiseSeparations 114.3438 1773066114.3193 114.3438 1773066114.3196 0
FUNC __main__.getPairwiseSeparations 114.3438 1773066114.3209 114.3438 1773066114.3211 0
FUNC __main__.getPairwiseSeparations 114.3438 1773066114.3219 114.3438 1773066114.3222 0
FUNC __main__.getPairwiseSeparations 114.3438 1773066114.3235 114.3438 1773066114.3238 0
FUNC __main__.getPairwiseSeparations 114.3438 1773066114.3245 114.3438 1773066114.3248 0
FUNC __main__.getPairwiseSeparations 114.3438 1773066114.3260 114.3438 1773066114.3264 0
FUNC __main__.getPairwiseSeparations 114.3438 1773066114.3271 114.3438 1773066114.3274 0
FUNC __main__.getPairwiseSeparations 114.3438 1773066114.3286 114.3438 1773066114.3289 0
FUNC __main__.getPairwiseSeparations 114.3438 1773066114.3296 114.3438 1773066114.3300 0
FUNC __main__.getPairwiseSeparations 114.3438 1773066114.3312 114.3438 1773066114.3315 0
FUNC __main__.getPairwiseSeparations 114.3438 1773066114.3322 114.3438 1773066114.3325 0
FUNC __main__.getPairwiseSeparations 114.3438 1773066114.3337 114.3438 1773066114.3340 0
FUNC __main__.getPairwiseSeparations 114.3438 1773066114.3348 114.3438 1773066114.3351 0
FUNC __main__.getPairwiseSeparations 114.3438 1773066114.3363 114.3438 1773066114.3366 0
FUNC __main__.getPairwiseSeparations 114.3438 1773066114.3373 114.3438 1773066114.3377 0
FUNC __main__.getPairwiseSeparations 114.3438 1773066114.3389 114.3438 1773066114.3392 0
FUNC __main__.getPairwiseSeparations 114.3438 1773066114.3399 114.3438 1773066114.3403 0
FUNC __main__.getPairwiseSeparations 114.3438 1773066114.3415 114.3438 1773066114.3418 0
FUNC __main__.getPairwiseSeparations 114.3438 1773066114.3425 114.3438 1773066114.3428 0
FUNC __main__.getPairwiseSeparations 114.3438 1773066114.3440 114.3438 1773066114.3443 0
FUNC __main__.getPairwiseSeparations 114.3438 1773066114.3450 114.3438 1773066114.3454 0
FUNC __main__.getPairwiseSeparations 114.3438 1773066114.3466 114.3438 1773066114.3469 0
FUNC __main__.getPairwiseSeparations 114.3438 1773066114.3476 114.3438 1773066114.3479 0
FUNC __main__.getPairwiseSeparations 114.3438 1773066114.3492 114.3438 1773066114.3495 0
FUNC __main__.getPairwiseSeparations 114.3438 1773066114.3502 114.3438 1773066114.3505 0
FUNC __main__.getPairwiseSeparations 114.3438 1773066114.3518 114.3438 1773066114.3521 0
FUNC __main__.getPairwiseSeparations 114.3438 1773066114.3528 114.3438 1773066114.3531 0
FUNC __main__.getPairwiseSeparations 114.3594 1773066114.3544 114.3594 1773066114.3547 0
FUNC __main__.getPairwiseSeparations 114.3594 1773066114.3554 114.3594 1773066114.3557 0
FUNC __main__.getPairwiseSeparations 114.3594 1773066114.3570 114.3594 1773066114.3573 0
FUNC __main__.getPairwiseSeparations 114.3594 1773066114.3581 114.3594 1773066114.3585 0
FUNC __main__.getPairwiseSeparations 114.3594 1773066114.3597 114.3594 1773066114.3600 0
FUNC __main__.getPairwiseSeparations 114.3594 1773066114.3608 114.3594 1773066114.3611 0
FUNC __main__.getPairwiseSeparations 114.3594 1773066114.3623 114.3594 1773066114.3626 0
FUNC __main__.getPairwiseSeparations 114.3594 1773066114.3635 114.3594 1773066114.3638 0
FUNC __main__.getPairwiseSeparations 114.3594 1773066114.3650 114.3594 1773066114.3653 0
FUNC __main__.getPairwiseSeparations 114.3594 1773066114.3660 114.3594 1773066114.3663 0
FUNC __main__.getPairwiseSeparations 114.3594 1773066114.3675 114.3594 1773066114.3678 0
FUNC __main__.getPairwiseSeparations 114.3594 1773066114.3685 114.3594 1773066114.3689 0
FUNC __main__.getPairwiseSeparations 114.3594 1773066114.3701 114.3594 1773066114.3704 0
FUNC __main__.getPairwiseSeparations 114.3594 1773066114.3712 114.3594 1773066114.3715 0
FUNC __main__.getPairwiseSeparations 114.3594 1773066114.3727 114.3594 1773066114.3730 0
FUNC __main__.getPairwiseSeparations 114.3594 1773066114.3738 114.3594 1773066114.3742 0
FUNC __main__.getPairwiseSeparations 114.3594 1773066114.3755 114.3594 1773066114.3758 0
FUNC __main__.getPairwiseSeparations 114.3594 1773066114.3765 114.3594 1773066114.3768 0
FUNC __main__.getPairwiseSeparations 114.3594 1773066114.3781 114.3594 1773066114.3784 0
FUNC __main__.getPairwiseSeparations 114.3594 1773066114.3792 114.3594 1773066114.3795 0
FUNC __main__.getPairwiseSeparations 114.3594 1773066114.3808 114.3594 1773066114.3811 0
FUNC __main__.getPairwiseSeparations 114.3594 1773066114.3818 114.3594 1773066114.3821 0
FUNC __main__.getPairwiseSeparations 114.3594 1773066114.3833 114.3594 1773066114.3836 0
FUNC __main__.getPairwiseSeparations 114.3594 1773066114.3843 114.3594 1773066114.3847 0
FUNC __main__.getPairwiseSeparations 114.3594 1773066114.3859 114.3594 1773066114.3862 0
FUNC __main__.getPairwiseSeparations 114.3594 1773066114.3870 114.3594 1773066114.3874 0
FUNC __main__.getPairwiseSeparations 114.3594 1773066114.3887 114.3594 1773066114.3890 0
FUNC __main__.getPairwiseSeparations 114.3594 1773066114.3898 114.3594 1773066114.3902 0
FUNC __main__.getPairwiseSeparations 114.3594 1773066114.3915 114.3594 1773066114.3918 0
FUNC __main__.getPairwiseSeparations 114.3594 1773066114.3925 114.3594 1773066114.3928 0
FUNC __main__.getPairwiseSeparations 114.3594 1773066114.3941 114.3594 1773066114.3944 0
FUNC __main__.getPairwiseSeparations 114.3594 1773066114.3951 114.3594 1773066114.3955 0
FUNC __main__.getPairwiseSeparations 114.3750 1773066114.3967 114.3750 1773066114.3970 0
FUNC __main__.getPairwiseSeparations 114.3750 1773066114.3977 114.3750 1773066114.3980 0
FUNC __main__.getPairwiseSeparations 114.3750 1773066114.3993 114.3750 1773066114.3995 0
FUNC __main__.getPairwiseSeparations 114.3750 1773066114.4003 114.3750 1773066114.4006 0
FUNC __main__.getPairwiseSeparations 114.3750 1773066114.4018 114.3750 1773066114.4021 0
FUNC __main__.getPairwiseSeparations 114.3906 1773066114.4029 114.3906 1773066114.4033 0
FUNC __main__.getPairwiseSeparations 114.3906 1773066114.4046 114.3906 1773066114.4049 0
FUNC __main__.getPairwiseSeparations 114.3906 1773066114.4057 114.3906 1773066114.4060 0
FUNC __main__.getPairwiseSeparations 114.3906 1773066114.4073 114.3906 1773066114.4076 0
FUNC __main__.getPairwiseSeparations 114.3906 1773066114.4084 114.3906 1773066114.4087 0
FUNC __main__.getPairwiseSeparations 114.3906 1773066114.4100 114.3906 1773066114.4103 0
FUNC __main__.getPairwiseSeparations 114.3906 1773066114.4110 114.3906 1773066114.4113 0
FUNC __main__.getPairwiseSeparations 114.3906 1773066114.4126 114.3906 1773066114.4129 0
FUNC __main__.getPairwiseSeparations 114.3906 1773066114.4136 114.3906 1773066114.4139 0
FUNC __main__.getPairwiseSeparations 114.3906 1773066114.4151 114.3906 1773066114.4154 0
FUNC __main__.getPairwiseSeparations 114.3906 1773066114.4162 114.3906 1773066114.4165 0
FUNC __main__.getPairwiseSeparations 114.3906 1773066114.4177 114.3906 1773066114.4180 0
FUNC __main__.getPairwiseSeparations 114.3906 1773066114.4188 114.3906 1773066114.4191 0
FUNC __main__.getPairwiseSeparations 114.3906 1773066114.4204 114.3906 1773066114.4207 0
FUNC __main__.getPairwiseSeparations 114.3906 1773066114.4214 114.3906 1773066114.4218 0
FUNC __main__.getPairwiseSeparations 114.3906 1773066114.4231 114.3906 1773066114.4234 0
FUNC __main__.getPairwiseSeparations 114.3906 1773066114.4242 114.3906 1773066114.4246 0
FUNC __main__.getPairwiseSeparations 114.3906 1773066114.4259 114.3906 1773066114.4262 0
FUNC __main__.getPairwiseSeparations 114.3906 1773066114.4269 114.3906 1773066114.4273 0
FUNC __main__.getPairwiseSeparations 114.3906 1773066114.4285 114.3906 1773066114.4288 0
FUNC __main__.getPairwiseSeparations 114.3906 1773066114.4295 114.3906 1773066114.4298 0
FUNC __main__.getPairwiseSeparations 114.3906 1773066114.4310 114.3906 1773066114.4313 0
FUNC __main__.getPairwiseSeparations 114.3906 1773066114.4320 114.3906 1773066114.4324 0
FUNC __main__.getPairwiseSeparations 114.3906 1773066114.4336 114.3906 1773066114.4339 0
FUNC __main__.getPairwiseSeparations 114.3906 1773066114.4347 114.3906 1773066114.4350 0
FUNC __main__.getPairwiseSeparations 114.3906 1773066114.4362 114.3906 1773066114.4365 0
FUNC __main__.getPairwiseSeparations 114.3906 1773066114.4373 114.3906 1773066114.4377 0
FUNC __main__.getPairwiseSeparations 114.4062 1773066114.4390 114.4062 1773066114.4393 0
FUNC __main__.getPairwiseSeparations 114.4062 1773066114.4401 114.4062 1773066114.4405 0
FUNC __main__.getPairwiseSeparations 114.4062 1773066114.4417 114.4062 1773066114.4420 0
FUNC __main__.getPairwiseSeparations 114.4062 1773066114.4428 114.4062 1773066114.4431 0
FUNC __main__.getPairwiseSeparations 114.4062 1773066114.4443 114.4062 1773066114.4446 0
FUNC __main__.getPairwiseSeparations 114.4062 1773066114.4453 114.4062 1773066114.4457 0
FUNC __main__.getPairwiseSeparations 114.4062 1773066114.4469 114.4062 1773066114.4472 0
FUNC __main__.getPairwiseSeparations 114.4062 1773066114.4479 114.4062 1773066114.4483 0
FUNC __main__.getPairwiseSeparations 114.4062 1773066114.4495 114.4062 1773066114.4498 0
FUNC __main__.getPairwiseSeparations 114.4062 1773066114.4505 114.4062 1773066114.4509 0
FUNC __main__.getPairwiseSeparations 114.4062 1773066114.4521 114.4062 1773066114.4524 0
FUNC __main__.getPairwiseSeparations 114.4062 1773066114.4532 114.4062 1773066114.4535 0
FUNC __main__.getPairwiseSeparations 114.4062 1773066114.4549 114.4062 1773066114.4552 0
FUNC __main__.getPairwiseSeparations 114.4062 1773066114.4559 114.4062 1773066114.4563 0
FUNC __main__.getPairwiseSeparations 114.4062 1773066114.4576 114.4062 1773066114.4579 0
FUNC __main__.getPairwiseSeparations 114.4062 1773066114.4587 114.4062 1773066114.4590 0
FUNC __main__.getPairwiseSeparations 114.4062 1773066114.4603 114.4062 1773066114.4606 0
FUNC __main__.getPairwiseSeparations 114.4062 1773066114.4613 114.4062 1773066114.4617 0
FUNC __main__.getPairwiseSeparations 114.4062 1773066114.4629 114.4062 1773066114.4632 0
FUNC __main__.getPairwiseSeparations 114.4062 1773066114.4639 114.4062 1773066114.4643 0
FUNC __main__.getPairwiseSeparations 114.4062 1773066114.4655 114.4062 1773066114.4658 0
FUNC __main__.getPairwiseSeparations 114.4062 1773066114.4665 114.4062 1773066114.4669 0
FUNC __main__.getPairwiseSeparations 114.4062 1773066114.4681 114.4062 1773066114.4684 0
FUNC __main__.getPairwiseSeparations 114.4062 1773066114.4692 114.4062 1773066114.4695 0
FUNC __main__.getPairwiseSeparations 114.4062 1773066114.4709 114.4062 1773066114.4712 0
FUNC __main__.getPairwiseSeparations 114.4062 1773066114.4720 114.4062 1773066114.4724 0
FUNC __main__.getPairwiseSeparations 114.4062 1773066114.4736 114.4062 1773066114.4740 0
FUNC __main__.getPairwiseSeparations 114.4062 1773066114.4747 114.4062 1773066114.4751 0
FUNC __main__.getPairwiseSeparations 114.4062 1773066114.4764 114.4062 1773066114.4767 0
FUNC __main__.getPairwiseSeparations 114.4062 1773066114.4774 114.4062 1773066114.4777 0
FUNC __main__.getPairwiseSeparations 114.4062 1773066114.4790 114.4062 1773066114.4792 0
FUNC __main__.getPairwiseSeparations 114.4062 1773066114.4800 114.4062 1773066114.4803 0
FUNC __main__.getPairwiseSeparations 114.4219 1773066114.4815 114.4219 1773066114.4819 0
FUNC __main__.getPairwiseSeparations 114.4219 1773066114.4826 114.4219 1773066114.4830 0
FUNC __main__.getPairwiseSeparations 114.4219 1773066114.4843 114.4219 1773066114.4846 0
FUNC __main__.getPairwiseSeparations 114.4219 1773066114.4853 114.4219 1773066114.4856 0
FUNC __main__.getPairwiseSeparations 114.4219 1773066114.4869 114.4219 1773066114.4872 0
FUNC __main__.getPairwiseSeparations 114.4375 1773066114.4881 114.4375 1773066114.4884 0
FUNC __main__.getPairwiseSeparations 114.4375 1773066114.4897 114.4375 1773066114.4900 0
FUNC __main__.getPairwiseSeparations 114.4375 1773066114.4908 114.4375 1773066114.4911 0
FUNC __main__.getPairwiseSeparations 114.4375 1773066114.4925 114.4375 1773066114.4927 0
FUNC __main__.getPairwiseSeparations 114.4375 1773066114.4935 114.4375 1773066114.4938 0
FUNC __main__.getPairwiseSeparations 114.4375 1773066114.4950 114.4375 1773066114.4953 0
FUNC __main__.getPairwiseSeparations 114.4375 1773066114.4961 114.4375 1773066114.4964 0
FUNC __main__.getPairwiseSeparations 114.4375 1773066114.4977 114.4375 1773066114.4980 0
FUNC __main__.getPairwiseSeparations 114.4375 1773066114.4987 114.4375 1773066114.4991 0
FUNC __main__.getPairwiseSeparations 114.4375 1773066114.5003 114.4375 1773066114.5006 0
FUNC __main__.getPairwiseSeparations 114.4375 1773066114.5013 114.4375 1773066114.5016 0
FUNC __main__.getPairwiseSeparations 114.4375 1773066114.5029 114.4375 1773066114.5032 0
FUNC __main__.getPairwiseSeparations 114.4375 1773066114.5040 114.4375 1773066114.5043 0
FUNC __main__.getPairwiseSeparations 114.4375 1773066114.5056 114.4375 1773066114.5059 0
FUNC __main__.getPairwiseSeparations 114.4375 1773066114.5067 114.4375 1773066114.5071 0
FUNC __main__.getPairwiseSeparations 114.4375 1773066114.5085 114.4375 1773066114.5088 0
FUNC __main__.getPairwiseSeparations 114.4375 1773066114.5095 114.4375 1773066114.5099 0
FUNC __main__.getPairwiseSeparations 114.4375 1773066114.5111 114.4375 1773066114.5114 0
FUNC __main__.getPairwiseSeparations 114.4375 1773066114.5121 114.4375 1773066114.5125 0
FUNC __main__.getPairwiseSeparations 114.4375 1773066114.5137 114.4375 1773066114.5140 0
FUNC __main__.getPairwiseSeparations 114.4375 1773066114.5147 114.4375 1773066114.5151 0
FUNC __main__.getPairwiseSeparations 114.4375 1773066114.5164 114.4375 1773066114.5166 0
FUNC __main__.getPairwiseSeparations 114.4375 1773066114.5174 114.4375 1773066114.5177 0
FUNC __main__.getPairwiseSeparations 114.4375 1773066114.5189 114.4375 1773066114.5193 0
FUNC __main__.getPairwiseSeparations 114.4375 1773066114.5200 114.4375 1773066114.5204 0
FUNC __main__.getPairwiseSeparations 114.4375 1773066114.5217 114.4375 1773066114.5220 0
FUNC __main__.getPairwiseSeparations 114.4375 1773066114.5228 114.4531 1773066114.5232 0
FUNC __main__.getPairwiseSeparations 114.4531 1773066114.5245 114.4531 1773066114.5248 0
FUNC __main__.getPairwiseSeparations 114.4531 1773066114.5256 114.4531 1773066114.5259 0
FUNC __main__.getPairwiseSeparations 114.4531 1773066114.5271 114.4531 1773066114.5275 0
FUNC __main__.getPairwiseSeparations 114.4531 1773066114.5282 114.4531 1773066114.5285 0
FUNC __main__.getPairwiseSeparations 114.4531 1773066114.5297 114.4531 1773066114.5300 0
FUNC __main__.getPairwiseSeparations 114.4531 1773066114.5307 114.4531 1773066114.5311 0
FUNC __main__.getPairwiseSeparations 114.4531 1773066114.5324 114.4531 1773066114.5327 0
FUNC __main__.getPairwiseSeparations 114.4531 1773066114.5334 114.4531 1773066114.5337 0
FUNC __main__.getPairwiseSeparations 114.4531 1773066114.5350 114.4531 1773066114.5352 0
FUNC __main__.getPairwiseSeparations 114.4531 1773066114.5360 114.4531 1773066114.5363 0
FUNC __main__.getPairwiseSeparations 114.4531 1773066114.5376 114.4531 1773066114.5380 0
FUNC __main__.getPairwiseSeparations 114.4531 1773066114.5387 114.4531 1773066114.5391 0
FUNC __main__.getPairwiseSeparations 114.4531 1773066114.5404 114.4531 1773066114.5407 0
FUNC __main__.getPairwiseSeparations 114.4531 1773066114.5415 114.4531 1773066114.5419 0
FUNC __main__.getPairwiseSeparations 114.4531 1773066114.5431 114.4531 1773066114.5434 0
FUNC __main__.getPairwiseSeparations 114.4531 1773066114.5442 114.4531 1773066114.5445 0
FUNC __main__.getPairwiseSeparations 114.4531 1773066114.5458 114.4531 1773066114.5460 0
FUNC __main__.getPairwiseSeparations 114.4531 1773066114.5468 114.4531 1773066114.5471 0
FUNC __main__.getPairwiseSeparations 114.4531 1773066114.5484 114.4531 1773066114.5486 0
FUNC __main__.getPairwiseSeparations 114.4531 1773066114.5494 114.4531 1773066114.5497 0
FUNC __main__.getPairwiseSeparations 114.4531 1773066114.5510 114.4531 1773066114.5512 0
FUNC __main__.getPairwiseSeparations 114.4531 1773066114.5520 114.4531 1773066114.5523 0
FUNC __main__.getPairwiseSeparations 114.4531 1773066114.5536 114.4531 1773066114.5539 0
FUNC __main__.getPairwiseSeparations 114.4531 1773066114.5548 114.4531 1773066114.5551 0
FUNC __main__.getPairwiseSeparations 114.4531 1773066114.5564 114.4531 1773066114.5567 0
FUNC __main__.getPairwiseSeparations 114.4531 1773066114.5574 114.4531 1773066114.5578 0
FUNC __main__.getPairwiseSeparations 114.4531 1773066114.5591 114.4531 1773066114.5594 0
FUNC __main__.getPairwiseSeparations 114.4531 1773066114.5601 114.4531 1773066114.5604 0
FUNC __main__.getPairwiseSeparations 114.4531 1773066114.5616 114.4531 1773066114.5620 0
FUNC __main__.getPairwiseSeparations 114.4531 1773066114.5627 114.4531 1773066114.5631 0
FUNC __main__.getPairwiseSeparations 114.4531 1773066114.5643 114.4531 1773066114.5646 0
FUNC __main__.getPairwiseSeparations 114.4531 1773066114.5653 114.4688 1773066114.5656 0
FUNC __main__.getPairwiseSeparations 114.4688 1773066114.5669 114.4688 1773066114.5672 0
FUNC __main__.getPairwiseSeparations 114.4688 1773066114.5679 114.4688 1773066114.5682 0
FUNC __main__.getPairwiseSeparations 114.4688 1773066114.5695 114.4688 1773066114.5698 0
FUNC __main__.getPairwiseSeparations 114.4688 1773066114.5706 114.4688 1773066114.5710 0
FUNC __main__.getPairwiseSeparations 114.4688 1773066114.5723 114.4688 1773066114.5726 0
FUNC __main__.getPairwiseSeparations 114.4844 1773066114.5734 114.4844 1773066114.5738 0
FUNC __main__.getPairwiseSeparations 114.4844 1773066114.5751 114.4844 1773066114.5754 0
FUNC __main__.getPairwiseSeparations 114.4844 1773066114.5761 114.4844 1773066114.5765 0
FUNC __main__.getPairwiseSeparations 114.4844 1773066114.5777 114.4844 1773066114.5780 0
FUNC __main__.getPairwiseSeparations 114.4844 1773066114.5787 114.4844 1773066114.5790 0
FUNC __main__.getPairwiseSeparations 114.4844 1773066114.5802 114.4844 1773066114.5805 0
FUNC __main__.getPairwiseSeparations 114.4844 1773066114.5813 114.4844 1773066114.5816 0
FUNC __main__.getPairwiseSeparations 114.4844 1773066114.5828 114.4844 1773066114.5831 0
FUNC __main__.getPairwiseSeparations 114.4844 1773066114.5838 114.4844 1773066114.5841 0
FUNC __main__.getPairwiseSeparations 114.4844 1773066114.5854 114.4844 1773066114.5857 0
FUNC __main__.getPairwiseSeparations 114.4844 1773066114.5864 114.4844 1773066114.5868 0
FUNC __main__.getPairwiseSeparations 114.4844 1773066114.5881 114.4844 1773066114.5884 0
FUNC __main__.getPairwiseSeparations 114.4844 1773066114.5892 114.4844 1773066114.5895 0
FUNC __main__.getPairwiseSeparations 114.4844 1773066114.5908 114.4844 1773066114.5911 0
FUNC __main__.getPairwiseSeparations 114.4844 1773066114.5919 114.4844 1773066114.5923 0
FUNC __main__.getPairwiseSeparations 114.4844 1773066114.5936 114.4844 1773066114.5939 0
FUNC __main__.getPairwiseSeparations 114.4844 1773066114.5946 114.4844 1773066114.5949 0
FUNC __main__.getPairwiseSeparations 114.4844 1773066114.5961 114.4844 1773066114.5964 0
FUNC __main__.getPairwiseSeparations 114.4844 1773066114.5972 114.4844 1773066114.5975 0
FUNC __main__.getPairwiseSeparations 114.4844 1773066114.5987 114.4844 1773066114.5990 0
FUNC __main__.getPairwiseSeparations 114.4844 1773066114.5997 114.4844 1773066114.6001 0
FUNC __main__.getPairwiseSeparations 114.4844 1773066114.6013 114.4844 1773066114.6016 0
FUNC __main__.getPairwiseSeparations 114.4844 1773066114.6023 114.4844 1773066114.6027 0
FUNC __main__.getPairwiseSeparations 114.4844 1773066114.6039 114.4844 1773066114.6043 0
FUNC __main__.getPairwiseSeparations 114.4844 1773066114.6051 114.4844 1773066114.6054 0
FUNC __main__.getPairwiseSeparations 114.4844 1773066114.6067 114.4844 1773066114.6070 0
FUNC __main__.getPairwiseSeparations 114.5000 1773066114.6077 114.5000 1773066114.6081 0
FUNC __main__.getPairwiseSeparations 114.5000 1773066114.6094 114.5000 1773066114.6097 0
FUNC __main__.getPairwiseSeparations 114.5000 1773066114.6104 114.5000 1773066114.6107 0
FUNC __main__.getPairwiseSeparations 114.5000 1773066114.6120 114.5000 1773066114.6122 0
FUNC __main__.getPairwiseSeparations 114.5000 1773066114.6130 114.5000 1773066114.6133 0
FUNC __main__.getPairwiseSeparations 114.5000 1773066114.6145 114.5000 1773066114.6148 0
FUNC __main__.getPairwiseSeparations 114.5000 1773066114.6155 114.5000 1773066114.6158 0
FUNC __main__.getPairwiseSeparations 114.5000 1773066114.6171 114.5000 1773066114.6174 0
FUNC __main__.getPairwiseSeparations 114.5000 1773066114.6182 114.5000 1773066114.6185 0
FUNC __main__.getPairwiseSeparations 114.5156 1773066114.6198 114.5156 1773066114.6201 0
FUNC __main__.getPairwiseSeparations 114.5156 1773066114.6209 114.5156 1773066114.6213 0
FUNC __main__.getPairwiseSeparations 114.5156 1773066114.6226 114.5156 1773066114.6229 0
FUNC __main__.getPairwiseSeparations 114.5156 1773066114.6236 114.5156 1773066114.6240 0
FUNC __main__.getPairwiseSeparations 114.5156 1773066114.6253 114.5156 1773066114.6256 0
FUNC __main__.getPairwiseSeparations 114.5156 1773066114.6264 114.5156 1773066114.6267 0
FUNC __main__.getPairwiseSeparations 114.5156 1773066114.6280 114.5156 1773066114.6283 0
FUNC __main__.getPairwiseSeparations 114.5156 1773066114.6291 114.5156 1773066114.6294 0
FUNC __main__.getPairwiseSeparations 114.5156 1773066114.6306 114.5156 1773066114.6309 0
FUNC __main__.getPairwiseSeparations 114.5156 1773066114.6316 114.5156 1773066114.6320 0
FUNC __main__.getPairwiseSeparations 114.5156 1773066114.6332 114.5156 1773066114.6335 0
FUNC __main__.getPairwiseSeparations 114.5156 1773066114.6342 114.5156 1773066114.6346 0
FUNC __main__.getPairwiseSeparations 114.5156 1773066114.6358 114.5156 1773066114.6361 0
FUNC __main__.getPairwiseSeparations 114.5156 1773066114.6368 114.5156 1773066114.6372 0
FUNC __main__.getPairwiseSeparations 114.5156 1773066114.6386 114.5156 1773066114.6388 0
FUNC __main__.getPairwiseSeparations 114.5156 1773066114.6396 114.5156 1773066114.6399 0
FUNC __main__.getPairwiseSeparations 114.5156 1773066114.6412 114.5156 1773066114.6415 0
FUNC __main__.getPairwiseSeparations 114.5156 1773066114.6423 114.5156 1773066114.6427 0
FUNC __main__.getPairwiseSeparations 114.5156 1773066114.6439 114.5156 1773066114.6442 0
FUNC __main__.getPairwiseSeparations 114.5156 1773066114.6449 114.5156 1773066114.6452 0
FUNC __main__.getPairwiseSeparations 114.5156 1773066114.6464 114.5156 1773066114.6467 0
FUNC __main__.getPairwiseSeparations 114.5156 1773066114.6475 114.5156 1773066114.6478 0
FUNC __main__.getPairwiseSeparations 114.5156 1773066114.6490 114.5156 1773066114.6493 0
FUNC __main__.getPairwiseSeparations 114.5312 1773066114.6501 114.5312 1773066114.6504 0
FUNC __main__.getPairwiseSeparations 114.5312 1773066114.6516 114.5312 1773066114.6519 0
FUNC __main__.getPairwiseSeparations 114.5312 1773066114.6527 114.5312 1773066114.6530 0
FUNC __main__.getPairwiseSeparations 114.5312 1773066114.6543 114.5312 1773066114.6546 0
FUNC __main__.getPairwiseSeparations 114.5312 1773066114.6553 114.5312 1773066114.6557 0
FUNC __main__.getPairwiseSeparations 114.5469 1773066114.6569 114.5469 1773066114.6572 0
FUNC __main__.getPairwiseSeparations 114.5469 1773066114.6580 114.5469 1773066114.6583 0
FUNC __main__.getPairwiseSeparations 114.5469 1773066114.6596 114.5469 1773066114.6599 0
FUNC __main__.getPairwiseSeparations 114.5469 1773066114.6606 114.5469 1773066114.6609 0
FUNC __main__.getPairwiseSeparations 114.5469 1773066114.6621 114.5469 1773066114.6624 0
FUNC __main__.getPairwiseSeparations 114.5469 1773066114.6632 114.5469 1773066114.6635 0
FUNC __main__.getPairwiseSeparations 114.5469 1773066114.6647 114.5469 1773066114.6650 0
FUNC __main__.getPairwiseSeparations 114.5469 1773066114.6658 114.5469 1773066114.6661 0
FUNC __main__.getPairwiseSeparations 114.5469 1773066114.6673 114.5469 1773066114.6676 0
FUNC __main__.getPairwiseSeparations 114.5469 1773066114.6683 114.5469 1773066114.6686 0
FUNC __main__.getPairwiseSeparations 114.5469 1773066114.6699 114.5469 1773066114.6702 0
FUNC __main__.getPairwiseSeparations 114.5469 1773066114.6709 114.5469 1773066114.6712 0
FUNC __main__.getPairwiseSeparations 114.5469 1773066114.6725 114.5469 1773066114.6728 0
FUNC __main__.getPairwiseSeparations 114.5469 1773066114.6735 114.5469 1773066114.6738 0
FUNC __main__.getPairwiseSeparations 114.5469 1773066114.6751 114.5469 1773066114.6754 0
FUNC __main__.getPairwiseSeparations 114.5469 1773066114.6762 114.5469 1773066114.6765 0
FUNC __main__.getPairwiseSeparations 114.5469 1773066114.6777 114.5469 1773066114.6780 0
FUNC __main__.getPairwiseSeparations 114.5469 1773066114.6788 114.5469 1773066114.6791 0
FUNC __main__.getPairwiseSeparations 114.5469 1773066114.6804 114.5469 1773066114.6807 0
FUNC __main__.getPairwiseSeparations 114.5469 1773066114.6814 114.5469 1773066114.6817 0
FUNC __main__.getPairwiseSeparations 114.5469 1773066114.6829 114.5469 1773066114.6832 0
FUNC __main__.getPairwiseSeparations 114.5469 1773066114.6840 114.5469 1773066114.6843 0
FUNC __main__.getPairwiseSeparations 114.5469 1773066114.6855 114.5469 1773066114.6858 0
FUNC __main__.getPairwiseSeparations 114.5469 1773066114.6866 114.5469 1773066114.6869 0
FUNC __main__.getPairwiseSeparations 114.5469 1773066114.6881 114.5469 1773066114.6884 0
FUNC __main__.getPairwiseSeparations 114.5469 1773066114.6892 114.5469 1773066114.6895 0
FUNC __main__.getPairwiseSeparations 114.5469 1773066114.6907 114.5469 1773066114.6910 0
FUNC __main__.getPairwiseSeparations 114.5625 1773066114.6918 114.5625 1773066114.6922 0
FUNC __main__.getPairwiseSeparations 114.5625 1773066114.6934 114.5625 1773066114.6937 0
FUNC __main__.getPairwiseSeparations 114.5625 1773066114.6945 114.5625 1773066114.6948 0
FUNC __main__.getPairwiseSeparations 114.5625 1773066114.6960 114.5625 1773066114.6963 0
FUNC __main__.getPairwiseSeparations 114.5625 1773066114.6970 114.5625 1773066114.6974 0
FUNC __main__.getPairwiseSeparations 114.5625 1773066114.6986 114.5625 1773066114.6989 0
FUNC __main__.getPairwiseSeparations 114.5625 1773066114.6996 114.5625 1773066114.7000 0
FUNC __main__.getPairwiseSeparations 114.5625 1773066114.7012 114.5625 1773066114.7015 0
FUNC __main__.getPairwiseSeparations 114.5625 1773066114.7022 114.5625 1773066114.7025 0
FUNC __main__.getPairwiseSeparations 114.5625 1773066114.7038 114.5625 1773066114.7041 0
FUNC __main__.getPairwiseSeparations 114.5625 1773066114.7048 114.5625 1773066114.7052 0
FUNC __main__.getPairwiseSeparations 114.5625 1773066114.7065 114.5625 1773066114.7068 0
FUNC __main__.getPairwiseSeparations 114.5625 1773066114.7076 114.5625 1773066114.7080 0
FUNC __main__.getPairwiseSeparations 114.5625 1773066114.7093 114.5625 1773066114.7095 0
FUNC __main__.getPairwiseSeparations 114.5625 1773066114.7103 114.5625 1773066114.7106 0
FUNC __main__.getPairwiseSeparations 114.5625 1773066114.7118 114.5625 1773066114.7121 0
FUNC __main__.getPairwiseSeparations 114.5625 1773066114.7128 114.5625 1773066114.7132 0
FUNC __main__.getPairwiseSeparations 114.5625 1773066114.7144 114.5625 1773066114.7148 0
FUNC __main__.getPairwiseSeparations 114.5625 1773066114.7155 114.5625 1773066114.7158 0
FUNC __main__.getPairwiseSeparations 114.5625 1773066114.7171 114.5625 1773066114.7174 0
FUNC __main__.getPairwiseSeparations 114.5625 1773066114.7181 114.5625 1773066114.7184 0
FUNC __main__.getPairwiseSeparations 114.5625 1773066114.7196 114.5625 1773066114.7199 0
FUNC __main__.getPairwiseSeparations 114.5625 1773066114.7207 114.5625 1773066114.7211 0
FUNC __main__.getPairwiseSeparations 114.5625 1773066114.7224 114.5625 1773066114.7227 0
FUNC __main__.getPairwiseSeparations 114.5625 1773066114.7235 114.5625 1773066114.7238 0
FUNC __main__.getPairwiseSeparations 114.5625 1773066114.7251 114.5625 1773066114.7254 0
FUNC __main__.getPairwiseSeparations 114.5625 1773066114.7262 114.5625 1773066114.7265 0
FUNC __main__.getPairwiseSeparations 114.5625 1773066114.7278 114.5625 1773066114.7281 0
FUNC __main__.getPairwiseSeparations 114.5625 1773066114.7288 114.5625 1773066114.7291 0
FUNC __main__.getPairwiseSeparations 114.5625 1773066114.7303 114.5625 1773066114.7306 0
FUNC __main__.getPairwiseSeparations 114.5625 1773066114.7314 114.5625 1773066114.7317 0
FUNC __main__.getPairwiseSeparations 114.5625 1773066114.7329 114.5625 1773066114.7332 0
FUNC __main__.getPairwiseSeparations 114.5781 1773066114.7339 114.5781 1773066114.7343 0
FUNC __main__.getPairwiseSeparations 114.5781 1773066114.7356 114.5781 1773066114.7359 0
FUNC __main__.getPairwiseSeparations 114.5781 1773066114.7366 114.5781 1773066114.7369 0
FUNC __main__.getPairwiseSeparations 114.5781 1773066114.7381 114.5781 1773066114.7385 0
FUNC __main__.getPairwiseSeparations 114.5781 1773066114.7392 114.5781 1773066114.7396 0
FUNC __main__.getPairwiseSeparations 114.5938 1773066114.7409 114.5938 1773066114.7412 0
FUNC __main__.getPairwiseSeparations 114.5938 1773066114.7419 114.5938 1773066114.7423 0
FUNC __main__.getPairwiseSeparations 114.5938 1773066114.7436 114.5938 1773066114.7439 0
FUNC __main__.getPairwiseSeparations 114.5938 1773066114.7446 114.5938 1773066114.7449 0
FUNC __main__.getPairwiseSeparations 114.5938 1773066114.7461 114.5938 1773066114.7464 0
FUNC __main__.getPairwiseSeparations 114.5938 1773066114.7472 114.5938 1773066114.7475 0
FUNC __main__.getPairwiseSeparations 114.5938 1773066114.7487 114.5938 1773066114.7490 0
FUNC __main__.getPairwiseSeparations 114.5938 1773066114.7498 114.5938 1773066114.7501 0
FUNC __main__.getPairwiseSeparations 114.5938 1773066114.7513 114.5938 1773066114.7516 0
FUNC __main__.getPairwiseSeparations 114.5938 1773066114.7523 114.5938 1773066114.7527 0
FUNC __main__.getPairwiseSeparations 114.5938 1773066114.7540 114.5938 1773066114.7543 0
FUNC __main__.getPairwiseSeparations 114.5938 1773066114.7551 114.5938 1773066114.7554 0
FUNC __main__.getPairwiseSeparations 114.5938 1773066114.7567 114.5938 1773066114.7570 0
FUNC __main__.getPairwiseSeparations 114.5938 1773066114.7578 114.5938 1773066114.7581 0
FUNC __main__.getPairwiseSeparations 114.5938 1773066114.7594 114.5938 1773066114.7597 0
FUNC __main__.getPairwiseSeparations 114.5938 1773066114.7604 114.5938 1773066114.7608 0
FUNC __main__.getPairwiseSeparations 114.5938 1773066114.7620 114.5938 1773066114.7623 0
FUNC __main__.getPairwiseSeparations 114.5938 1773066114.7630 114.5938 1773066114.7634 0
FUNC __main__.getPairwiseSeparations 114.5938 1773066114.7646 114.5938 1773066114.7649 0
FUNC __main__.getPairwiseSeparations 114.5938 1773066114.7656 114.5938 1773066114.7659 0
FUNC __main__.getPairwiseSeparations 114.5938 1773066114.7672 114.5938 1773066114.7675 0
FUNC __main__.getPairwiseSeparations 114.5938 1773066114.7682 114.5938 1773066114.7685 0
FUNC __main__.getPairwiseSeparations 114.5938 1773066114.7698 114.5938 1773066114.7701 0
FUNC __main__.getPairwiseSeparations 114.5938 1773066114.7709 114.5938 1773066114.7713 0
FUNC __main__.getPairwiseSeparations 114.5938 1773066114.7726 114.5938 1773066114.7729 0
FUNC __main__.getPairwiseSeparations 114.5938 1773066114.7736 114.5938 1773066114.7740 0
FUNC __main__.getPairwiseSeparations 114.5938 1773066114.7753 114.5938 1773066114.7756 0
FUNC __main__.getPairwiseSeparations 114.6094 1773066114.7763 114.6094 1773066114.7766 0
FUNC __main__.getPairwiseSeparations 114.6094 1773066114.7778 114.6094 1773066114.7781 0
FUNC __main__.getPairwiseSeparations 114.6094 1773066114.7789 114.6094 1773066114.7792 0
FUNC __main__.getPairwiseSeparations 114.6094 1773066114.7804 114.6094 1773066114.7807 0
FUNC __main__.getPairwiseSeparations 114.6094 1773066114.7815 114.6094 1773066114.7818 0
FUNC __main__.getPairwiseSeparations 114.6094 1773066114.7830 114.6094 1773066114.7833 0
FUNC __main__.getPairwiseSeparations 114.6094 1773066114.7840 114.6094 1773066114.7844 0
FUNC __main__.getPairwiseSeparations 114.6094 1773066114.7857 114.6094 1773066114.7860 0
FUNC __main__.getPairwiseSeparations 114.6094 1773066114.7888 114.6094 1773066114.7892 0
FUNC __main__.getPairwiseSeparations 114.6094 1773066114.7905 114.6094 1773066114.7908 0
FUNC __main__.getPairwiseSeparations 114.6094 1773066114.7916 114.6094 1773066114.7919 0
FUNC __main__.getPairwiseSeparations 114.6094 1773066114.7932 114.6094 1773066114.7935 0
FUNC __main__.getPairwiseSeparations 114.6094 1773066114.7942 114.6094 1773066114.7945 0
FUNC __main__.getPairwiseSeparations 114.6094 1773066114.7957 114.6094 1773066114.7960 0
FUNC __main__.getPairwiseSeparations 114.6094 1773066114.7968 114.6094 1773066114.7971 0
FUNC __main__.getPairwiseSeparations 114.6094 1773066114.7983 114.6094 1773066114.7986 0
FUNC __main__.getPairwiseSeparations 114.6094 1773066114.7994 114.6094 1773066114.7997 0
FUNC __main__.getPairwiseSeparations 114.6094 1773066114.8009 114.6094 1773066114.8012 0
FUNC __main__.getPairwiseSeparations 114.6094 1773066114.8019 114.6094 1773066114.8023 0
FUNC __main__.getPairwiseSeparations 114.6094 1773066114.8035 114.6094 1773066114.8038 0
FUNC __main__.getPairwiseSeparations 114.6094 1773066114.8047 114.6094 1773066114.8050 0
FUNC __main__.getPairwiseSeparations 114.6094 1773066114.8063 114.6094 1773066114.8066 0
FUNC __main__.getPairwiseSeparations 114.6094 1773066114.8073 114.6094 1773066114.8077 0
FUNC __main__.getPairwiseSeparations 114.6094 1773066114.8090 114.6094 1773066114.8093 0
FUNC __main__.getPairwiseSeparations 114.6094 1773066114.8100 114.6094 1773066114.8103 0
CMDLINE /Users/antonronnquist/Desktop/optimizations-of-sph/env/bin/python3.14 sph.py
MEM 0.171875 1773066113.6084
MEM 48.750000 1773066113.7135
MEM 74.156250 1773066113.8186
MEM 90.421875 1773066113.9237
MEM 114.156250 1773066114.0242
MEM 114.218750 1773066114.1283
MEM 114.281250 1773066114.2334
MEM 114.343750 1773066114.3384
MEM 114.406250 1773066114.4396
MEM 114.453125 1773066114.5446
MEM 114.515625 1773066114.6496
MEM 114.593750 1773066114.7547
MEM 114.750000 1773066114.8598
